 Number of coadded spectra:    235

scet range det fwhm(cm-1) rayleigh(cm-1) latitude longitude(Sys III) altitude emission angle local_time  600.0cm-1  729.5cm-1  932.0cm-1
1465341903   182515.  0  0.48  0.53  60.8  220.0    0   22.1     1.48 -1.608E-07 -3.713E-06 -2.543E-05
1465341953   182787.  0  0.48  0.53  60.7  220.0    0   22.0     1.40  2.739E-07 -4.812E-06 -3.296E-05
1465342003   183060.  0  0.48  0.53  60.8  220.1    0   22.2     1.15  3.121E-07  1.157E-06  7.924E-06
1465342154   183877.  0  0.48  0.53  60.8  219.8    0   22.5     2.35 -3.573E-07 -4.602E-07 -3.156E-06
1465342204   184149.  0  0.48  0.53  60.8  219.8    0   22.0     2.42  2.617E-07  9.019E-06  6.177E-05
1465342254   184421.  0  0.48  0.53  60.8  220.0    0   22.2     1.56  2.938E-07  1.233E-06  8.445E-06
1465342304   184694.  0  0.48  0.53  60.7  219.8    0   22.0     3.01  2.478E-07  4.428E-08  3.037E-07
1465342354   184966.  0  0.48  0.53  60.6  220.2    0   22.0     1.32 -2.700E-07  5.432E-06  3.720E-05
1465342404   185239.  0  0.48  0.53  60.7  220.3    0   22.2     1.09  1.639E-07  2.779E-07  1.909E-06
1465342454   185511.  0  0.48  0.53  60.6  220.0    0   21.9     2.18 -1.030E-08  1.439E-07  9.919E-07
1465342505   185783.  0  0.48  0.53  60.7  220.1    0   22.1     1.54  3.713E-08  2.541E-06  1.740E-05
1465342555   186056.  0  0.48  0.53  60.6  220.3    0   22.3     1.09  9.817E-08 -1.656E-06 -1.134E-05
1465342605   186328.  0  0.48  0.53  60.6  220.0    0   22.1     2.16  7.319E-08 -3.836E-06 -2.627E-05
1465342655   186600.  0  0.48  0.53  60.6  220.2    0   21.9     1.53 -5.888E-08  4.511E-07  3.093E-06
1465342705   186873.  0  0.48  0.53  60.7  220.3    0   22.2     1.30  2.540E-07 -4.875E-06 -3.339E-05
1465342755   187145.  0  0.48  0.53  60.6  220.0    0   22.2     2.41 -1.022E-07 -4.545E-06 -3.113E-05
1465342805   187418.  0  0.48  0.53  60.7  220.1    0   22.0     2.18  1.053E-07  4.704E-08  3.241E-07
1465342855   187690.  0  0.48  0.53  60.8  220.2    0   22.0     1.56 -1.259E-10 -1.689E-06 -1.156E-05
1465342906   187962.  0  0.48  0.53  60.6  220.0    0   22.0     2.43  9.874E-08 -2.333E-06 -1.598E-05
1465342956   188235.  0  0.48  0.53  60.7  220.1    0   22.1     2.21  2.971E-07  2.268E-06  1.553E-05
1465343006   188507.  0  0.48  0.53  60.8  220.2    0   22.1     1.59  1.766E-07 -3.761E-06 -2.577E-05
1465343056   188780.  0  0.48  0.53  60.7  219.9    0   22.0     3.12  4.185E-07 -5.625E-06 -3.853E-05
1465343106   189052.  0  0.48  0.53  60.7  220.0    0   21.9     2.50 -2.471E-07 -1.798E-07 -1.231E-06
1465343156   189324.  0  0.48  0.53  60.8  220.1    0   22.0     2.29 -7.359E-08  3.400E-06  2.329E-05
1465343206   189597.  0  0.48  0.53  60.9  220.2    0   22.4     2.08  1.975E-07  1.009E-06  6.910E-06
1465343257   189869.  0  0.48  0.53  60.7  220.1    0   22.3     2.55 -4.297E-07  4.344E-06  2.975E-05
1465343307   190142.  0  0.48  0.53  60.8  220.2    0   22.4     2.34 -1.848E-07 -3.811E-06 -2.610E-05
1465343357   190414.  0  0.48  0.53  60.8  220.3    0   22.4     2.14  9.798E-09 -2.031E-06 -1.391E-05
1465343407   190686.  0  0.48  0.53  60.7  220.0    0   22.2     3.28 -3.197E-07 -1.192E-06 -8.161E-06
1465343457   190959.  0  0.48  0.53  60.8  220.0    0   22.2     3.08  1.254E-07 -1.771E-06 -1.213E-05
1465343507   191231.  0  0.48  0.53  60.9  220.1    0   22.5     2.48 -6.793E-08 -4.399E-08 -3.034E-07
1465343557   191504.  0  0.48  0.53  60.8  219.9    0   22.4     4.01  2.107E-07  7.277E-06  4.984E-05
1465343607   191776.  0  0.48  0.53  60.8  220.0    0   22.1     3.18 -6.818E-08 -9.022E-07 -6.179E-06
1465343658   192049.  0  0.48  0.53  60.8  220.1    0   22.3     2.58 -9.409E-08 -6.389E-06 -4.376E-05
1465343708   192321.  0  0.48  0.53  60.9  220.2    0   22.3     2.38  1.051E-07 -2.796E-06 -1.915E-05
1465343758   192593.  0  0.48  0.53  60.8  219.9    0   22.3     3.55 -3.299E-08  1.063E-07  7.278E-07
1465343808   192866.  0  0.48  0.53  60.9  220.0    0   22.1     3.36 -4.060E-08 -8.514E-07 -5.838E-06
1465343858   193138.  0  0.48  0.53  60.7  220.4    0   22.3     2.06  5.590E-07 -1.725E-06 -1.181E-05
1465343908   193411.  0  0.48  0.53  60.7  220.0    0   22.2     3.41 -7.739E-08  2.288E-06  1.567E-05
1465343958   193683.  0  0.48  0.53  60.6  220.3    0   22.0     2.37  4.976E-08 -1.556E-06 -1.065E-05
1465344008   193956.  0  0.48  0.53  60.7  220.3    0   22.1     2.34 -1.992E-07 -4.138E-06 -2.834E-05
1465344059   194228.  0  0.48  0.53  60.7  220.3    0   22.1     2.38  2.198E-07  2.432E-06  1.666E-05
1465344109   194501.  0  0.48  0.53  60.6  220.0    0   22.1     4.02  5.085E-08 -3.734E-06 -2.557E-05
1465344159   194773.  0  0.48  0.53  60.7  220.1    0   22.1     3.44  1.524E-07  2.310E-06  1.583E-05
1465344209   195046.  0  0.48  0.53  60.7  220.2    0   22.1     3.26 -3.029E-07 -1.628E-06 -1.115E-05
1465344259   195318.  0  0.48  0.53  60.6  219.9    0   22.0     4.39 -1.203E-07 -2.915E-06 -1.996E-05
1465344309   195590.  0  0.48  0.53  60.7  220.0    0   22.1     4.24  5.582E-08  3.763E-06  2.578E-05
1465344359   195863.  0  0.48  0.53  60.7  220.1    0   22.4     3.43  1.198E-07  1.227E-06  8.411E-06
1465344410   196135.  0  0.48  0.53  60.7  220.2    0   22.2     3.26 -8.765E-10 -5.650E-06 -3.870E-05
1465344460   196408.  0  0.48  0.53  60.8  220.3    0   22.3     3.23 -3.480E-07 -8.658E-07 -5.934E-06
1465344510   196680.  0  0.48  0.53  60.7  220.0    0   22.2     4.29 -1.524E-07  9.276E-07  6.356E-06
1465344560   196953.  0  0.48  0.53  60.8  220.1    0   22.2     4.12  2.982E-08  7.064E-06  4.838E-05
1465344610   197225.  0  0.48  0.53  60.8  220.2    0   22.3     3.56  3.381E-07 -1.464E-06 -1.003E-05
1465344660   197498.  0  0.48  0.53  60.7  219.8    0   22.2     5.14 -4.505E-11  3.237E-06  2.217E-05
1465344710   197770.  0  0.48  0.53  60.8  219.9    0   22.1     4.58  1.319E-07 -4.358E-06 -2.984E-05
1465344760   198043.  0  0.48  0.53  60.7  220.1    0   22.0     4.17 -7.671E-08 -2.230E-06 -1.527E-05
1465344811   198315.  0  0.48  0.53  60.8  220.2    0   22.3     4.01 -1.713E-07  5.652E-07  3.877E-06
1465344861   198588.  0  0.48  0.53  60.7  219.9    0   22.1     5.23 -1.290E-07 -3.958E-06 -2.711E-05
1465344911   198860.  0  0.48  0.53  60.8  219.9    0   22.1     5.08  3.841E-07  1.975E-06  1.352E-05
1465344961   199133.  0  0.48  0.53  60.8  220.0    0   22.0     4.52 -2.832E-07  3.587E-06  2.456E-05
1465345011   199406.  0  0.48  0.53  60.9  220.1    0   22.1     4.36 -1.524E-07  4.181E-07  2.859E-06
1465345061   199678.  0  0.48  0.53  60.9  220.2    0   22.3     4.21 -1.182E-07  2.094E-06  1.434E-05
1465345111   199950.  0  0.48  0.53  60.8  219.8    0   22.2     5.42  1.222E-07  1.548E-06  1.061E-05
1465345161   200223.  0  0.48  0.53  60.9  219.9    0   22.2     5.27 -4.049E-10 -5.685E-06 -3.893E-05
1465345212   200496.  0  0.48  0.53  60.9  220.1    0   22.2     4.48  2.104E-07  9.181E-07  6.289E-06
1465345262   200768.  0  0.48  0.53  60.9  220.3    0   22.3     4.09  2.542E-07 -1.202E-06 -8.233E-06
1465345312   201041.  0  0.48  0.53  60.8  219.8    0   22.2     5.58 -1.902E-07  4.196E-06  2.874E-05
1465345362   201313.  0  0.48  0.53  60.7  220.2    0   22.1     4.32  1.603E-07 -1.740E-07 -1.188E-06
1465345412   201586.  0  0.48  0.53  60.7  220.3    0   22.1     4.17 -4.091E-07 -4.044E-06 -2.769E-05
1465345462   201858.  0  0.48  0.53  60.8  220.3    0   22.0     4.03  2.205E-08 -6.592E-06 -4.515E-05
1465345512   202131.  0  0.48  0.53  60.8  220.4    0   22.4     3.49 -2.438E-07  1.607E-06  1.101E-05
1465345563   202403.  0  0.48  0.53  60.7  220.1    0   22.2     5.12 -7.658E-09 -1.599E-07 -1.098E-06
1465345613   202676.  0  0.48  0.53  60.8  220.2    0   22.3     4.59 -4.897E-08 -3.191E-06 -2.185E-05
1465345663   202948.  0  0.48  0.53  60.8  220.2    0   22.2     4.45 -1.883E-07 -2.241E-06 -1.535E-05
1465345713   203221.  0  0.48  0.53  60.8  220.4    0   22.3     4.06  3.395E-07  2.844E-06  1.948E-05
1465345763   203493.  0  0.48  0.53  60.7  220.0    0   22.4     5.34 -7.094E-08 -1.889E-06 -1.293E-05
1465345813   203766.  0  0.48  0.53  60.7  220.1    0   22.4     5.20  3.048E-07  2.009E-06  1.376E-05
1465345863   204038.  0  0.48  0.53  60.8  220.2    0   22.1     5.07  1.370E-08 -1.127E-06 -7.719E-06
1465345913   204311.  0  0.48  0.53  60.8  220.2    0   22.1     4.55 -6.029E-08 -4.619E-07 -3.167E-06
1465345964   204584.  0  0.48  0.53  60.9  220.3    0   22.3     4.42 -1.108E-07 -4.684E-08 -3.189E-07
1465346014   204856.  0  0.48  0.53  60.8  220.0    0   22.0     6.08  4.985E-07 -1.565E-06 -1.071E-05
1465346064   205129.  0  0.48  0.53  60.8  220.0    0   22.2     5.55 -8.749E-08  2.965E-06  2.031E-05
1465346114   205401.  0  0.48  0.53  60.9  220.1    0   22.4     5.43  2.222E-07 -7.764E-07 -5.315E-06
1465346164   205674.  0  0.48  0.53  60.9  220.2    0   22.4     5.31 -2.536E-07  4.257E-08  2.878E-07
1465346214   205946.  0  0.48  0.53  60.9  220.3    0   22.3     4.54  1.003E-07  1.936E-06  1.326E-05
1465346264   206219.  0  0.48  0.53  60.8  220.0    0   22.2     6.24  4.015E-08 -4.823E-06 -3.303E-05
1465346314   206492.  0  0.48  0.53  60.8  220.0    0   22.4     6.13 -1.685E-07  6.134E-06  4.201E-05
1465346365   206764.  0  0.48  0.53  60.9  220.1    0   22.6     6.01  5.756E-08  4.418E-07  3.026E-06
1465346415   207037.  0  0.48  0.53  60.9  220.1    0   22.3     5.50  1.181E-07  1.495E-06  1.024E-05
1465346465   207309.  0  0.48  0.53  60.9  220.1    0   22.4     5.59  1.640E-07  2.741E-06  1.877E-05
1465346515   207582.  0  0.48  0.53  61.0  220.3    0   22.6     5.28  1.713E-07 -6.903E-06 -4.728E-05
1465346565   207855.  0  0.48  0.53  60.9  219.7    0   22.1     7.42  5.658E-08 -3.895E-06 -2.667E-05
1465346615   208127.  0  0.48  0.53  60.9  219.8    0   22.2     7.31 -2.329E-08  3.564E-06  2.440E-05
1465346665   208400.  0  0.48  0.53  60.9  220.0    0   22.4     6.47  2.793E-07 -3.401E-07 -2.331E-06
1465346715   208672.  0  0.48  0.53  60.8  220.2    0   22.4     5.52  4.797E-08 -9.219E-07 -6.312E-06
1465346766   208945.  0  0.48  0.53  60.8  220.3    0   22.2     5.25 -3.740E-08 -4.843E-06 -3.317E-05
1465346816   209218.  0  0.48  0.53  60.6  220.0    0   22.0     6.48 -8.584E-08  1.374E-07  9.422E-07
1465346866   209490.  0  0.48  0.53  60.6  220.1    0   22.3     6.39  4.151E-08  9.464E-07  6.479E-06
1465346916   209763.  0  0.48  0.53  60.7  220.1    0   21.9     6.29  1.994E-07 -2.031E-06 -1.391E-05
1465346966   210035.  0  0.48  0.53  60.7  220.2    0   22.1     6.19 -5.452E-08 -2.594E-06 -1.776E-05
1465347016   210308.  0  0.48  0.53  60.8  220.2    0   22.2     6.10 -8.375E-08 -6.389E-07 -4.379E-06
1465347066   210580.  0  0.48  0.53  60.8  220.3    0   22.2     6.00  2.537E-07 -1.504E-07 -1.026E-06
1465347116   210853.  0  0.48  0.53  60.7  219.9    0   22.1     7.32 -8.780E-08  3.433E-06  2.351E-05
1465347167   211126.  0  0.48  0.53  60.8  220.0    0   22.3     7.23  1.093E-07  5.916E-06  4.052E-05
1465347217   211398.  0  0.48  0.53  60.8  220.0    0   22.3     7.14 -3.412E-07  7.045E-06  4.825E-05
1465347267   211671.  0  0.48  0.53  60.9  220.1    0   22.2     7.05 -1.278E-07  6.145E-06  4.208E-05
1465347317   211944.  0  0.48  0.53  60.9  220.1    0   22.3     6.56 -2.829E-07  6.465E-07  4.428E-06
1465347367   212216.  0  0.48  0.53  60.9  220.2    0   22.6     6.48  1.687E-08 -5.087E-07 -3.486E-06
1465347417   212489.  0  0.48  0.53  60.8  220.1    0   22.1     6.59 -3.036E-07  1.542E-06  1.056E-05
1465347467   212762.  0  0.48  0.53  60.8  219.9    0   22.2     7.50 -1.371E-07  2.802E-06  1.919E-05
1465347518   213034.  0  0.48  0.53  60.8  220.0    0   22.2     7.42  3.842E-07  6.284E-07  4.301E-06
1465347568   213307.  0  0.48  0.53  60.8  220.0    0   22.5     7.34 -1.770E-07 -6.971E-07 -4.779E-06
1465347618   213580.  0  0.48  0.53  60.9  220.1    0   22.4     7.27  1.238E-07 -8.279E-07 -5.671E-06
1465347668   213852.  0  0.48  0.53  60.9  220.1    0   22.1     7.19  1.094E-08 -1.401E-06 -9.592E-06
1465347718   214125.  0  0.48  0.53  61.0  220.1    0   22.3     7.12 -2.795E-08  3.882E-06  2.659E-05
1465347768   214397.  0  0.48  0.53  61.0  220.1    0   22.2     7.35  1.436E-07  1.085E-06  7.431E-06
1465347818   214670.  0  0.48  0.53  60.9  219.8    0   22.0     8.43  5.838E-08 -4.900E-06 -3.356E-05
1465347868   214943.  0  0.48  0.53  60.9  219.9    0   22.1     8.08 -3.048E-07  4.063E-06  2.783E-05
1465347919   215215.  0  0.48  0.53  60.8  220.2    0   22.2     7.11 -2.691E-07  5.571E-07  3.821E-06
1465347969   215488.  0  0.48  0.53  60.8  220.2    0   22.1     7.04  1.325E-07  2.076E-07  1.424E-06
1465348019   215761.  0  0.48  0.53  60.8  220.3    0   22.4     6.58 -2.275E-07  7.991E-07  5.474E-06
1465348069   216033.  0  0.48  0.53  60.9  220.3    0   22.2     6.51  1.639E-07 -3.053E-06 -2.091E-05
1465348119   216306.  0  0.48  0.53  60.9  220.4    0   22.2     6.45  2.416E-07  2.171E-06  1.487E-05
1465348169   216579.  0  0.48  0.53  60.7  220.1    0   22.1     7.54 -4.680E-08 -4.106E-07 -2.812E-06
1465348219   216851.  0  0.48  0.53  60.7  220.1    0   21.9     7.48 -1.712E-07 -9.998E-07 -6.847E-06
1465348270   217124.  0  0.48  0.53  60.8  220.2    0   22.3     7.42 -7.569E-08 -1.827E-06 -1.251E-05
1465348320   217397.  0  0.48  0.53  60.8  220.2    0   22.1     7.37 -2.488E-07 -7.074E-07 -4.845E-06
1465348370   217670.  0  0.48  0.53  60.8  220.2    0   22.2     7.31 -2.844E-07 -4.537E-06 -3.107E-05
1465348420   217942.  0  0.48  0.53  60.9  220.3    0   22.1     7.26 -2.339E-07  4.925E-06  3.373E-05
1465348470   218215.  0  0.48  0.53  60.9  220.3    0   22.2     7.20  1.212E-07 -1.811E-06 -1.241E-05
1465348520   218488.  0  0.48  0.53  60.9  220.2    0   22.7     7.45 -1.591E-07  1.437E-06  9.844E-06
1465348570   218761.  0  0.48  0.53  60.8  219.9    0   22.5     8.58 -1.455E-09 -6.897E-06 -4.724E-05
1465348620   219033.  0  0.48  0.53  60.9  220.0    0   22.1     8.53 -9.943E-08  1.195E-06  8.181E-06
1465348671   219306.  0  0.48  0.53  60.9  220.0    0   22.4     8.49  4.993E-08  1.673E-06  1.146E-05
1465348721   219579.  0  0.48  0.53  60.9  220.0    0   22.4     8.44 -4.534E-08  2.717E-06  1.861E-05
1465348771   219851.  0  0.48  0.53  61.0  220.1    0   22.3     8.40 -1.659E-08  2.301E-06  1.576E-05
1465348821   220124.  0  0.48  0.53  61.0  220.1    0   22.4     8.36 -1.768E-07  1.276E-06  8.742E-06
1465348871   220397.  0  0.48  0.53  61.0  220.1    0   22.6     8.31 -5.974E-09 -4.061E-06 -2.781E-05
1465348921   220669.  0  0.48  0.53  61.1  220.1    0   22.6     8.28 -6.114E-10  8.127E-06  5.566E-05
1465348971   220942.  0  0.48  0.53  61.1  220.2    0   22.6     8.24 -2.406E-07  1.141E-06  7.811E-06
1465349021   221215.  0  0.48  0.53  61.0  219.8    0   22.2    10.06 -1.700E-08  1.454E-06  9.960E-06
1465349072   221488.  0  0.48  0.53  60.9  219.9    0   22.3     9.35  2.175E-07 -5.875E-07 -4.026E-06
1465349122   221760.  0  0.48  0.53  60.7  220.3    0   22.2     8.07  1.422E-07 -1.130E-06 -7.739E-06
1465349172   222033.  0  0.48  0.53  60.7  220.3    0   21.8     8.04  1.165E-07 -3.559E-06 -2.437E-05
1465349222   222306.  0  0.48  0.53  60.8  220.3    0   22.3     8.01 -1.611E-07 -5.188E-06 -3.553E-05
1465349272   222579.  0  0.48  0.53  60.8  220.4    0   22.2     7.58  2.795E-08  5.115E-06  3.503E-05
1465349322   222851.  0  0.48  0.53  60.9  220.4    0   22.3     7.55 -2.710E-07  4.484E-07  3.069E-06
1465349372   223124.  0  0.48  0.53  60.9  220.4    0   22.6     7.52 -1.410E-07  2.721E-06  1.863E-05
1465349422   223397.  0  0.48  0.53  60.9  220.4    0   22.3     7.56 -3.440E-07 -3.558E-06 -2.437E-05
1465349473   223670.  0  0.48  0.53  60.9  220.2    0   22.4     8.37  3.198E-07 -5.262E-06 -3.604E-05
1465349523   223942.  0  0.48  0.53  60.8  219.8    0   22.3    10.16 -5.870E-08  3.664E-07  2.510E-06
1465349573   224215.  0  0.48  0.53  60.8  219.8    0   22.2    10.22 -2.787E-09  2.610E-06  1.788E-05
1465349623   224488.  0  0.48  0.53  60.8  219.9    0   22.1    10.21  1.225E-07  1.499E-06  1.027E-05
1465349673   224761.  0  0.48  0.53  60.8  219.9    0   22.3    10.19 -3.199E-08 -3.731E-06 -2.555E-05
1465349723   225033.  0  0.48  0.53  60.9  219.9    0   22.3    10.17 -1.999E-07  1.232E-07  8.434E-07
1465349773   225306.  0  0.48  0.53  60.9  219.9    0   22.3    10.16 -2.474E-07  2.107E-06  1.443E-05
1465349824   225579.  0  0.48  0.53  60.9  219.9    0   22.3    10.15 -1.250E-07  1.337E-06  9.159E-06
1465349874   225852.  0  0.48  0.53  61.0  219.9    0   22.4    10.14  2.622E-07 -7.217E-07 -4.934E-06
1465349924   226125.  0  0.48  0.53  61.0  220.0    0   22.4    10.13  1.448E-08  6.967E-07  4.771E-06
1465349974   226397.  0  0.48  0.53  61.0  220.0    0   22.6    10.12  1.101E-07  9.147E-07  6.268E-06
1465350024   226670.  0  0.48  0.53  61.1  220.0    0   22.3    10.11  1.733E-07 -1.784E-06 -1.222E-05
1465350074   226943.  0  0.48  0.53  61.1  220.0    0   22.7    10.11 -3.784E-08 -1.907E-06 -1.306E-05
1465350124   227216.  0  0.48  0.53  61.1  220.0    0   22.6    10.10 -8.667E-09 -3.841E-06 -2.631E-05
1465350174   227488.  0  0.48  0.53  61.0  219.6    0   22.5    11.58  7.071E-08  2.674E-06  1.831E-05
1465350225   227761.  0  0.48  0.53  60.8  220.0    0   22.2    10.33  3.495E-07  2.933E-06  2.008E-05
1465350275   228034.  0  0.48  0.53  60.7  220.1    0   22.2    10.04  1.565E-07  1.194E-06  8.175E-06
1465350325   228307.  0  0.48  0.53  60.7  220.1    0   22.0    10.04  4.754E-07 -1.320E-07 -9.035E-07
1465350375   228580.  0  0.48  0.53  60.7  220.1    0   21.7    10.04  3.741E-09  2.117E-06  1.450E-05
1465350425   228853.  0  0.48  0.53  60.8  220.1    0   22.3    10.04  5.482E-07 -4.680E-06 -3.205E-05
1465350475   229125.  0  0.48  0.53  60.8  220.1    0   22.3    10.05 -1.694E-07 -3.658E-06 -2.506E-05
1465350525   229398.  0  0.48  0.53  60.8  220.2    0   22.0    10.06 -2.311E-07  8.114E-07  5.558E-06
1465350575   229671.  0  0.48  0.53  60.9  220.2    0   22.0    10.06  4.030E-07 -1.442E-06 -9.884E-06
1465350626   229944.  0  0.48  0.53  60.9  220.2    0   22.2    10.07  3.239E-08 -5.419E-07 -3.715E-06
1465350676   230217.  0  0.48  0.53  60.9  220.2    0   22.3    10.09 -7.283E-08  1.372E-06  9.406E-06
1465350726   230490.  0  0.48  0.53  60.9  220.2    0   22.3    10.10  4.760E-08  3.565E-06  2.442E-05
1465350776   230762.  0  0.48  0.53  61.0  220.2    0   22.3    10.11 -5.799E-08 -2.006E-07 -1.372E-06
1465350826   231035.  0  0.48  0.53  61.0  220.2    0   22.4    10.13 -9.484E-08  2.598E-06  1.780E-05
1465350876   231308.  0  0.48  0.53  61.0  220.2    0   22.5    10.14  2.181E-07  3.775E-07  2.588E-06
1465350926   231581.  0  0.48  0.53  61.0  220.2    0   22.4    10.16 -2.947E-07  2.184E-06  1.495E-05
1465350977   231854.  0  0.48  0.53  61.1  220.2    0   22.2    10.18  1.548E-07 -3.544E-06 -2.428E-05
1465351027   232126.  0  0.48  0.53  60.9  219.7    0   22.6    12.14  6.793E-09  2.885E-06  1.975E-05
1465351077   232399.  0  0.48  0.53  60.9  219.8    0   22.1    12.16 -4.006E-07  2.708E-06  1.854E-05
1465351127   232672.  0  0.48  0.53  61.0  219.8    0   22.2    12.19 -8.755E-08  1.914E-06  1.310E-05
1465351177   232945.  0  0.48  0.53  61.0  219.8    0   22.1    12.22  1.133E-07  2.120E-06  1.452E-05
1465351227   233218.  0  0.48  0.53  61.0  219.8    0   22.3    12.25 -1.168E-08 -6.984E-07 -4.786E-06
1465351277   233491.  0  0.48  0.53  60.8  220.1    0   22.0    10.57 -1.659E-07  5.798E-06  3.971E-05
1465351327   233764.  0  0.48  0.53  60.8  220.1    0   22.1    11.00 -2.626E-07  3.487E-06  2.388E-05
1465351378   234037.  0  0.48  0.53  60.8  220.1    0   22.4    11.03  1.801E-08  3.635E-06  2.490E-05
1465351428   234310.  0  0.48  0.53  60.9  220.1    0   22.4    11.07 -1.825E-07  3.850E-06  2.636E-05
1465351478   234583.  0  0.48  0.53  60.9  220.1    0   22.3    11.10 -3.886E-07  3.972E-06  2.720E-05
1465351528   234855.  0  0.48  0.53  60.9  220.1    0   22.2    11.14  3.230E-08 -7.655E-07 -5.246E-06
1465351578   235128.  0  0.48  0.53  60.9  220.1    0   22.4    11.17 -1.303E-07  1.535E-06  1.052E-05
1465351628   235401.  0  0.48  0.53  60.9  220.1    0   22.2    11.21 -5.837E-08  3.234E-06  2.215E-05
1465351678   235674.  0  0.48  0.53  61.0  220.1    0   22.4    11.25  2.035E-07 -8.022E-06 -5.494E-05
1465351728   235947.  0  0.48  0.53  61.0  220.1    0   22.0    11.29 -2.359E-07  1.686E-06  1.155E-05
1465351779   236220.  0  0.48  0.53  61.0  220.1    0   22.3    11.34  1.165E-07 -4.283E-06 -2.934E-05
1465351829   236493.  0  0.48  0.53  61.0  220.1    0   22.4    11.38  2.135E-08 -3.303E-06 -2.262E-05
1465351879   236766.  0  0.48  0.53  61.1  220.1    0   22.7    11.42 -1.036E-07 -2.480E-06 -1.698E-05
1465351929   237039.  0  0.48  0.53  61.1  220.1    0   22.6    11.47  7.933E-08  2.268E-06  1.553E-05
1465351979   237311.  0  0.48  0.53  61.1  220.1    0   22.7    11.52  4.151E-07  1.020E-06  6.981E-06
1465352029   237584.  0  0.48  0.53  61.1  220.1    0   22.4    11.57 -8.649E-08  5.883E-06  4.029E-05
1465352079   237857.  0  0.48  0.53  61.1  220.1    0   22.4    12.02 -1.297E-07  1.899E-06  1.300E-05
1465352130   238130.  0  0.48  0.53  61.2  220.1    0   22.3    12.08 -8.600E-08 -2.109E-06 -1.445E-05
1465352180   238403.  0  0.48  0.53  61.2  220.1    0   22.3    12.13 -1.873E-07 -4.805E-06 -3.291E-05
1465352230   238676.  0  0.48  0.53  61.1  220.2    0   22.5    11.51  2.336E-08 -6.300E-06 -4.315E-05
1465352280   238949.  0  0.48  0.53  61.0  220.4    0   22.3    10.55 -1.424E-07  6.039E-06  4.136E-05
1465352330   239222.  0  0.48  0.53  61.0  220.4    0   22.4    11.00  1.586E-07 -1.972E-06 -1.350E-05
1465352380   239495.  0  0.48  0.53  61.0  220.4    0   22.3    11.06 -2.144E-07  1.129E-06  7.731E-06
1465352430   239768.  0  0.48  0.53  61.0  220.4    0   22.5    11.12 -2.849E-07  5.404E-06  3.701E-05
1465352480   240041.  0  0.48  0.53  61.0  220.4    0   22.6    11.18  6.607E-08 -1.113E-06 -7.621E-06
1465352531   240314.  0  0.48  0.53  61.1  220.3    0   22.5    11.25  4.020E-07 -4.715E-06 -3.229E-05
1465352581   240587.  0  0.48  0.53  61.1  220.3    0   22.5    11.31 -1.124E-07 -1.001E-06 -6.861E-06
1465352631   240860.  0  0.48  0.53  61.1  220.3    0   22.5    11.38  2.389E-07  6.761E-08  4.617E-07
1465352681   241132.  0  0.48  0.53  61.1  220.3    0   22.3    11.44 -1.451E-07  1.748E-07  1.200E-06
1465352731   241405.  0  0.48  0.53  61.1  220.3    0   22.5    11.51 -1.067E-09  1.610E-06  1.102E-05
1465352781   241679.  0  0.48  0.53  61.2  220.3    0   22.6    11.59  2.632E-08 -5.336E-07 -3.650E-06
1465352831   241951.  0  0.48  0.53  61.2  220.3    0   22.6    12.06 -1.706E-07 -6.440E-06 -4.411E-05
1465352881   242225.  0  0.48  0.53  61.2  220.2    0   22.5    12.13  4.717E-08 -1.244E-06 -8.521E-06
1465352932   242497.  0  0.48  0.53  61.1  220.0    0   22.6    13.13 -8.093E-08  3.464E-06  2.373E-05
1465352982   242770.  0  0.48  0.53  61.1  220.2    0   22.5    12.24  1.838E-07 -2.614E-06 -1.790E-05
1465353032   243043.  0  0.48  0.53  61.2  220.0    0   22.5    13.29 -1.331E-07  6.100E-07  4.181E-06
1465353082   243316.  0  0.48  0.53  61.2  219.9    0   22.6    13.37  3.606E-07  3.277E-06  2.244E-05
1465353132   243589.  0  0.48  0.53  61.2  219.9    0   23.0    13.45  1.515E-08  3.633E-07  2.492E-06
1465353182   243862.  0  0.48  0.53  61.1  220.0    0   22.4    13.28  1.723E-07  2.555E-06  1.750E-05
1465353232   244135.  0  0.48  0.53  61.0  220.3    0   22.6    12.26 -1.466E-07  4.701E-06  3.219E-05
1465353282   244408.  0  0.48  0.53  61.0  220.3    0   22.5    12.35  1.273E-07 -3.255E-06 -2.230E-05
1465353333   244681.  0  0.48  0.53  61.0  220.2    0   22.4    12.43  1.937E-08 -3.584E-06 -2.455E-05
1465353383   244954.  0  0.48  0.53  61.0  220.2    0   22.4    12.52 -6.225E-09  2.499E-06  1.712E-05
1465353433   245227.  0  0.48  0.53  61.0  220.2    0   22.5    13.01 -2.145E-07  2.679E-09  1.888E-08
1465353483   245500.  0  0.48  0.53  61.0  220.2    0   22.4    13.10  8.007E-08 -4.719E-07 -3.229E-06
1465353533   245773.  0  0.48  0.53  61.0  220.1    0   22.5    13.19  1.332E-08 -2.780E-06 -1.904E-05
1465353583   246046.  0  0.48  0.53  61.1  220.1    0   22.6    13.29  2.253E-07  1.385E-06  9.482E-06
1465353633   246319.  0  0.48  0.53  61.1  220.1    0   22.6    13.38  2.914E-07  2.578E-06  1.765E-05
1465353684   246592.  0  0.48  0.53  61.1  220.1    0   22.5    13.48 -6.719E-08 -2.521E-06 -1.727E-05
1465353734   246865.  0  0.48  0.53  61.1  220.0    0   22.4    13.58 -8.595E-08  2.667E-06  1.827E-05

 NESR:                                       1.088E-08  4.530E-06  2.829E-05

 Standard deviation among sample:            1.950E-07  3.147E-06  2.155E-05
