     0.480965     0.529700
    1881
      79.7185      223.687      0.00000      41.9242      1239.35
      1025.00  5.02281e-09  9.60819e-10  5.07918e-08
      1025.25  6.23188e-09  9.50548e-10  5.30234e-08
      1025.50  6.07008e-09  9.40349e-10  5.09590e-08
      1025.75  4.48877e-09  9.30237e-10  5.16596e-08
      1026.00  4.28134e-09  9.20223e-10  5.04237e-08
      1026.25  4.42819e-09  9.10303e-10  4.71615e-08
      1026.50  2.58995e-09  9.00491e-10  4.50177e-08
      1026.75  4.79221e-10  8.90788e-10  4.47163e-08
      1027.00  1.48379e-09  8.81197e-10  4.71873e-08
      1027.25  3.03746e-09  8.71721e-10  4.69619e-08
      1027.50  3.32406e-09  8.62363e-10  4.93875e-08
      1027.75  4.20151e-09  8.53129e-10  4.73568e-08
      1028.00  3.74639e-09  8.44012e-10  4.42667e-08
      1028.25  2.18456e-09  8.35018e-10  4.30255e-08
      1028.50  1.80497e-09  8.26146e-10  4.28204e-08
      1028.75  2.80156e-09  8.17400e-10  3.96505e-08
      1029.00  3.14189e-09  8.08779e-10  3.97314e-08
      1029.25  2.80713e-09  8.00277e-10  4.21664e-08
      1029.50  2.79775e-09  7.91899e-10  4.16477e-08
      1029.75  2.09896e-09  7.83644e-10  4.12959e-08
      1030.00  3.42490e-09  7.75513e-10  4.05513e-08
      1030.25  5.44814e-09  7.67500e-10  3.82659e-08
      1030.50  4.35861e-09  7.59610e-10  4.10159e-08
      1030.75  3.33563e-09  7.51838e-10  3.96392e-08
      1031.00  3.38827e-09  7.44186e-10  3.90450e-08
      1031.25  2.82164e-09  7.36650e-10  3.82268e-08
      1031.50  3.12497e-09  7.29230e-10  3.69588e-08
      1031.75  4.29123e-09  7.21923e-10  3.73976e-08
      1032.00  4.75037e-09  7.14730e-10  3.73614e-08
      1032.25  4.49766e-09  7.07643e-10  3.58320e-08
      1032.50  3.95961e-09  7.00670e-10  3.44093e-08
      1032.75  3.57276e-09  6.93800e-10  3.47110e-08
      1033.00  2.04017e-09  6.87039e-10  3.39747e-08
      1033.25  2.05100e-09  6.80376e-10  3.35822e-08
      1033.50  4.51778e-09  6.73814e-10  3.35200e-08
      1033.75  5.46051e-09  6.67352e-10  3.20478e-08
      1034.00  3.66942e-09  6.60982e-10  3.15315e-08
      1034.25  2.57788e-09  6.54707e-10  3.25485e-08
      1034.50  3.78962e-09  6.48521e-10  3.22949e-08
      1034.75  3.22539e-09  6.42427e-10  3.23223e-08
      1035.00  3.72242e-09  6.36417e-10  3.19152e-08
      1035.25  3.85550e-09  6.30492e-10  3.20636e-08
      1035.50  3.27585e-09  6.24647e-10  2.93910e-08
      1035.75  3.69296e-09  6.18880e-10  2.92150e-08
      1036.00  2.90477e-09  6.13192e-10  2.94775e-08
      1036.25  3.00540e-09  6.07575e-10  2.87796e-08
      1036.50  3.69687e-09  6.02031e-10  2.92704e-08
      1036.75  4.31166e-09  5.96559e-10  2.87083e-08
      1037.00  4.32231e-09  5.91153e-10  2.83910e-08
      1037.25  4.17013e-09  5.85813e-10  2.84891e-08
      1037.50  4.05543e-09  5.80536e-10  2.68627e-08
      1037.75  4.52943e-09  5.75320e-10  2.72558e-08
      1038.00  4.19384e-09  5.70165e-10  2.74364e-08
      1038.25  3.43204e-09  5.65065e-10  2.63695e-08
      1038.50  2.70588e-09  5.60023e-10  2.52975e-08
      1038.75  1.48210e-09  5.55035e-10  2.63778e-08
      1039.00  2.36925e-09  5.50099e-10  2.60309e-08
      1039.25  3.30670e-09  5.45216e-10  2.46707e-08
      1039.50  2.87880e-09  5.40383e-10  2.48744e-08
      1039.75  1.95053e-09  5.35598e-10  2.41856e-08
      1040.00  1.87973e-09  5.30861e-10  2.40013e-08
      1040.25  2.79908e-09  5.26172e-10  2.34534e-08
      1040.50  3.09518e-09  5.21528e-10  2.44437e-08
      1040.75  2.56372e-09  5.16929e-10  2.48850e-08
      1041.00  2.00366e-09  5.12375e-10  2.28727e-08
      1041.25  1.72573e-09  5.07864e-10  2.33199e-08
      1041.50  2.12432e-09  5.03397e-10  2.31615e-08
      1041.75  1.86580e-09  4.98971e-10  2.32716e-08
      1042.00  1.80570e-09  4.94588e-10  2.32856e-08
      1042.25  2.82256e-09  4.90248e-10  2.31737e-08
      1042.50  3.24824e-09  4.85949e-10  2.25157e-08
      1042.75  3.10508e-09  4.81691e-10  2.20615e-08
      1043.00  2.54147e-09  4.77474e-10  2.17417e-08
      1043.25  2.71552e-09  4.73298e-10  2.12406e-08
      1043.50  2.68925e-09  4.69164e-10  2.07037e-08
      1043.75  3.08239e-09  4.65071e-10  2.01600e-08
      1044.00  3.84396e-09  4.61019e-10  1.98687e-08
      1044.25  3.05406e-09  4.57007e-10  2.05496e-08
      1044.50  1.86748e-09  4.53036e-10  1.97539e-08
      1044.75  2.20032e-09  4.49108e-10  1.97426e-08
      1045.00  2.59529e-09  4.45218e-10  1.99779e-08
      1045.25  2.27300e-09  4.41371e-10  1.95016e-08
      1045.50  3.30484e-09  4.37566e-10  1.90624e-08
      1045.75  3.94817e-09  4.33803e-10  1.93492e-08
      1046.00  3.34323e-09  4.30080e-10  1.91318e-08
      1046.25  2.51751e-09  4.26398e-10  1.79332e-08
      1046.50  2.92153e-09  4.22758e-10  1.84384e-08
      1046.75  2.92400e-09  4.19159e-10  1.79238e-08
      1047.00  2.24575e-09  4.15604e-10  1.75003e-08
      1047.25  2.81956e-09  4.12087e-10  1.78288e-08
      1047.50  3.61763e-09  4.08612e-10  1.79245e-08
      1047.75  4.37646e-09  4.05178e-10  1.71858e-08
      1048.00  3.53947e-09  4.01783e-10  1.70075e-08
      1048.25  1.88209e-09  3.98431e-10  1.76952e-08
      1048.50  1.58907e-09  3.95118e-10  1.69563e-08
      1048.75  1.95110e-09  3.91846e-10  1.69184e-08
      1049.00  1.79940e-09  3.88612e-10  1.76144e-08
      1049.25  1.56465e-09  3.85420e-10  1.75373e-08
      1049.50  1.94008e-09  3.82266e-10  1.65576e-08
      1049.75  2.69576e-09  3.79151e-10  1.69032e-08
      1050.00  2.89529e-09  3.76074e-10  1.62499e-08
      1050.25  2.26003e-09  3.73034e-10  1.60213e-08
      1050.50  1.88482e-09  3.70030e-10  1.59094e-08
      1050.75  1.70418e-09  3.67065e-10  1.53072e-08
      1051.00  2.07335e-09  3.64138e-10  1.53540e-08
      1051.25  2.75225e-09  3.61243e-10  1.59487e-08
      1051.50  3.38406e-09  3.58386e-10  1.55224e-08
      1051.75  3.41570e-09  3.55562e-10  1.58801e-08
      1052.00  2.74702e-09  3.52773e-10  1.60455e-08
      1052.25  2.55902e-09  3.50017e-10  1.53977e-08
      1052.50  3.33756e-09  3.47293e-10  1.53961e-08
      1052.75  3.89659e-09  3.44604e-10  1.53998e-08
      1053.00  3.65485e-09  3.41945e-10  1.49387e-08
      1053.25  4.12638e-09  3.39318e-10  1.51751e-08
      1053.50  4.47315e-09  3.36721e-10  1.52992e-08
      1053.75  3.65719e-09  3.34154e-10  1.45766e-08
      1054.00  2.22781e-09  3.31618e-10  1.40559e-08
      1054.25  1.99618e-09  3.29110e-10  1.37520e-08
      1054.50  2.50009e-09  3.26630e-10  1.44496e-08
      1054.75  2.24103e-09  3.24180e-10  1.41650e-08
      1055.00  1.99702e-09  3.21756e-10  1.39179e-08
      1055.25  2.65222e-09  3.19359e-10  1.40887e-08
      1055.50  3.25241e-09  3.16989e-10  1.42438e-08
      1055.75  2.58061e-09  3.14644e-10  1.45704e-08
      1056.00  2.47189e-09  3.12327e-10  1.38568e-08
      1056.25  2.39979e-09  3.10033e-10  1.31756e-08
      1056.50  1.97555e-09  3.07765e-10  1.40646e-08
      1056.75  1.95945e-09  3.05521e-10  1.34080e-08
      1057.00  2.07374e-09  3.03303e-10  1.34753e-08
      1057.25  2.26978e-09  3.01107e-10  1.35899e-08
      1057.50  2.17068e-09  2.98937e-10  1.26938e-08
      1057.75  2.22173e-09  2.96787e-10  1.28154e-08
      1058.00  2.42494e-09  2.94664e-10  1.29365e-08
      1058.25  2.45198e-09  2.92561e-10  1.28865e-08
      1058.50  2.66410e-09  2.90480e-10  1.24222e-08
      1058.75  2.91528e-09  2.88422e-10  1.21665e-08
      1059.00  3.10546e-09  2.86386e-10  1.24753e-08
      1059.25  2.86723e-09  2.84372e-10  1.26836e-08
      1059.50  2.49317e-09  2.82381e-10  1.24419e-08
      1059.75  2.69457e-09  2.80409e-10  1.22255e-08
      1060.00  2.44691e-09  2.78460e-10  1.21769e-08
      1060.25  2.10381e-09  2.76532e-10  1.16547e-08
      1060.50  2.12058e-09  2.74624e-10  1.20899e-08
      1060.75  2.19931e-09  2.72737e-10  1.23248e-08
      1061.00  2.16240e-09  2.70871e-10  1.19827e-08
      1061.25  2.36236e-09  2.69026e-10  1.13936e-08
      1061.50  2.37345e-09  2.67201e-10  1.17394e-08
      1061.75  2.03323e-09  2.65396e-10  1.17597e-08
      1062.00  2.24347e-09  2.63610e-10  1.11101e-08
      1062.25  2.48385e-09  2.61845e-10  1.09931e-08
      1062.50  2.52773e-09  2.60099e-10  1.12719e-08
      1062.75  2.43680e-09  2.58372e-10  1.15391e-08
      1063.00  2.21726e-09  2.56664e-10  1.15114e-08
      1063.25  2.08379e-09  2.54976e-10  1.08746e-08
      1063.50  2.46040e-09  2.53306e-10  1.04252e-08
      1063.75  2.86941e-09  2.51654e-10  1.03798e-08
      1064.00  2.95575e-09  2.50021e-10  1.10371e-08
      1064.25  2.61034e-09  2.48405e-10  1.11223e-08
      1064.50  2.39822e-09  2.46808e-10  1.07825e-08
      1064.75  2.26115e-09  2.45228e-10  1.04917e-08
      1065.00  2.79867e-09  2.43666e-10  1.03368e-08
      1065.25  3.64694e-09  2.42121e-10  1.07619e-08
      1065.50  3.13763e-09  2.40593e-10  1.05278e-08
      1065.75  2.39969e-09  2.39081e-10  1.00954e-08
      1066.00  2.03406e-09  2.37585e-10  1.06769e-08
      1066.25  2.07666e-09  2.36106e-10  1.07271e-08
      1066.50  2.21930e-09  2.34643e-10  1.04898e-08
      1066.75  2.45557e-09  2.33195e-10  1.02250e-08
      1067.00  2.43062e-09  2.31764e-10  9.85008e-09
      1067.25  2.25908e-09  2.30347e-10  9.56893e-09
      1067.50  2.03868e-09  2.28945e-10  9.66947e-09
      1067.75  2.05311e-09  2.27557e-10  9.93380e-09
      1068.00  2.54266e-09  2.26184e-10  9.96341e-09
      1068.25  2.86500e-09  2.24825e-10  9.88725e-09
      1068.50  2.86993e-09  2.23480e-10  9.54980e-09
      1068.75  2.50791e-09  2.22149e-10  9.44836e-09
      1069.00  2.11957e-09  2.20831e-10  9.51381e-09
      1069.25  1.71323e-09  2.19527e-10  9.77538e-09
      1069.50  1.75481e-09  2.18236e-10  9.42324e-09
      1069.75  1.89131e-09  2.16957e-10  9.15202e-09
      1070.00  2.21852e-09  2.15692e-10  9.57520e-09
      1070.25  2.78664e-09  2.14439e-10  9.25782e-09
      1070.50  2.93278e-09  2.13199e-10  8.96516e-09
      1070.75  2.63358e-09  2.11971e-10  9.18589e-09
      1071.00  2.82390e-09  2.10756e-10  9.34124e-09
      1071.25  2.51050e-09  2.09553e-10  9.31447e-09
      1071.50  2.25350e-09  2.08362e-10  9.63469e-09
      1071.75  3.53904e-09  2.07183e-10  9.32645e-09
      1072.00  3.48013e-09  2.06015e-10  8.85005e-09
      1072.25  2.28403e-09  2.04861e-10  8.97617e-09
      1072.50  1.82841e-09  2.03717e-10  9.03805e-09
      1072.75  2.12832e-09  2.02586e-10  9.05411e-09
      1073.00  2.32628e-09  2.01466e-10  9.11687e-09
      1073.25  1.95560e-09  2.00358e-10  8.84562e-09
      1073.50  2.13901e-09  1.99262e-10  8.41905e-09
      1073.75  3.27812e-09  1.98178e-10  8.41226e-09
      1074.00  3.16618e-09  1.97105e-10  8.47932e-09
      1074.25  2.17832e-09  1.96045e-10  8.81720e-09
      1074.50  2.07613e-09  1.94996e-10  8.61057e-09
      1074.75  1.98466e-09  1.93959e-10  8.37168e-09
      1075.00  1.86564e-09  1.92934e-10  8.50345e-09
      1075.25  1.78598e-09  1.91920e-10  8.42384e-09
      1075.50  1.91912e-09  1.90918e-10  8.13658e-09
      1075.75  1.92700e-09  1.89928e-10  8.13756e-09
      1076.00  1.83919e-09  1.88950e-10  8.18983e-09
      1076.25  1.88536e-09  1.87983e-10  8.11706e-09
      1076.50  2.25477e-09  1.87029e-10  7.99517e-09
      1076.75  2.75245e-09  1.86085e-10  8.19520e-09
      1077.00  2.91022e-09  1.85154e-10  8.29297e-09
      1077.25  2.83545e-09  1.84235e-10  8.02967e-09
      1077.50  2.13575e-09  1.83327e-10  7.92385e-09
      1077.75  1.68887e-09  1.82430e-10  8.19179e-09
      1078.00  1.78953e-09  1.81545e-10  8.33654e-09
      1078.25  1.74741e-09  1.80672e-10  7.78646e-09
      1078.50  1.81372e-09  1.79810e-10  7.83285e-09
      1078.75  1.96166e-09  1.78959e-10  8.00101e-09
      1079.00  2.28690e-09  1.78120e-10  7.71904e-09
      1079.25  3.45475e-09  1.77292e-10  7.64642e-09
      1079.50  3.75534e-09  1.76474e-10  7.82770e-09
      1079.75  2.16383e-09  1.75668e-10  7.64287e-09
      1080.00  1.32121e-09  1.74873e-10  7.53823e-09
      1080.25  1.41554e-09  1.74088e-10  7.44525e-09
      1080.50  1.82226e-09  1.73313e-10  7.31296e-09
      1080.75  3.04942e-09  1.72549e-10  7.57123e-09
      1081.00  3.21515e-09  1.71796e-10  7.48714e-09
      1081.25  2.07881e-09  1.71052e-10  7.26873e-09
      1081.50  1.68465e-09  1.70318e-10  7.59094e-09
      1081.75  1.63842e-09  1.69594e-10  7.68080e-09
      1082.00  1.88294e-09  1.68879e-10  7.86210e-09
      1082.25  2.86858e-09  1.68174e-10  7.87605e-09
      1082.50  2.77264e-09  1.67478e-10  7.57300e-09
      1082.75  2.14056e-09  1.66791e-10  7.21334e-09
      1083.00  1.99937e-09  1.66112e-10  7.01437e-09
      1083.25  1.92817e-09  1.65442e-10  6.95316e-09
      1083.50  1.68242e-09  1.64780e-10  7.12694e-09
      1083.75  1.08786e-09  1.64127e-10  7.17106e-09
      1084.00  1.21542e-09  1.63481e-10  7.14663e-09
      1084.25  2.10293e-09  1.62844e-10  7.49237e-09
      1084.50  2.44735e-09  1.62214e-10  7.22819e-09
      1084.75  2.05360e-09  1.61592e-10  7.03172e-09
      1085.00  2.35647e-09  1.60977e-10  7.16956e-09
      1085.25  3.02731e-09  1.60369e-10  7.34980e-09
      1085.50  3.26217e-09  1.59767e-10  7.49654e-09
      1085.75  3.02913e-09  1.59174e-10  7.18481e-09
      1086.00  2.05749e-09  1.58586e-10  7.27025e-09
      1086.25  1.62496e-09  1.58005e-10  7.13414e-09
      1086.50  1.93099e-09  1.57431e-10  7.18547e-09
      1086.75  2.35906e-09  1.56863e-10  7.18717e-09
      1087.00  2.27223e-09  1.56302e-10  7.29061e-09
      1087.25  2.16131e-09  1.55746e-10  7.15852e-09
      1087.50  2.75978e-09  1.55197e-10  7.25457e-09
      1087.75  3.14384e-09  1.54653e-10  7.06765e-09
      1088.00  3.83101e-09  1.54116e-10  6.93298e-09
      1088.25  3.50271e-09  1.53585e-10  7.04350e-09
      1088.50  2.08909e-09  1.53059e-10  7.13546e-09
      1088.75  1.54577e-09  1.52539e-10  7.00646e-09
      1089.00  1.94988e-09  1.52026e-10  6.71290e-09
      1089.25  2.79123e-09  1.51518e-10  6.59389e-09
      1089.50  3.04275e-09  1.51016e-10  6.67468e-09
      1089.75  3.63062e-09  1.50520e-10  6.99908e-09
      1090.00  3.23868e-09  1.50029e-10  7.08879e-09
      1090.25  2.03616e-09  1.49545e-10  6.59032e-09
      1090.50  3.09969e-09  1.49066e-10  6.75302e-09
      1090.75  3.51650e-09  1.48593e-10  6.86739e-09
      1091.00  1.99093e-09  1.48126e-10  6.90433e-09
      1091.25  1.47369e-09  1.47665e-10  6.76364e-09
      1091.50  1.72766e-09  1.47210e-10  6.60701e-09
      1091.75  2.13159e-09  1.46761e-10  6.52697e-09
      1092.00  2.34901e-09  1.46318e-10  6.20996e-09
      1092.25  2.06937e-09  1.45881e-10  6.48022e-09
      1092.50  1.75375e-09  1.45451e-10  6.56871e-09
      1092.75  2.19606e-09  1.45026e-10  6.61809e-09
      1093.00  2.37781e-09  1.44608e-10  6.41133e-09
      1093.25  1.76017e-09  1.44196e-10  6.38513e-09
      1093.50  2.19573e-09  1.43790e-10  6.21154e-09
      1093.75  3.02031e-09  1.43390e-10  6.51494e-09
      1094.00  3.49198e-09  1.42997e-10  6.77367e-09
      1094.25  2.50796e-09  1.42609e-10  6.17604e-09
      1094.50  1.33568e-09  1.42228e-10  6.15038e-09
      1094.75  1.44488e-09  1.41853e-10  6.21686e-09
      1095.00  1.54180e-09  1.41485e-10  6.30781e-09
      1095.25  1.77075e-09  1.41122e-10  6.08741e-09
      1095.50  2.56558e-09  1.40766e-10  6.44917e-09
      1095.75  3.06673e-09  1.40416e-10  6.34416e-09
      1096.00  2.88892e-09  1.40072e-10  6.20515e-09
      1096.25  3.27060e-09  1.39734e-10  6.25034e-09
      1096.50  3.99531e-09  1.39402e-10  6.34397e-09
      1096.75  4.10609e-09  1.39075e-10  5.95358e-09
      1097.00  2.79492e-09  1.38755e-10  6.00278e-09
      1097.25  1.53608e-09  1.38440e-10  6.30944e-09
      1097.50  2.04659e-09  1.38131e-10  5.97199e-09
      1097.75  2.71645e-09  1.37827e-10  6.02503e-09
      1098.00  2.09515e-09  1.37529e-10  6.03663e-09
      1098.25  1.80676e-09  1.37236e-10  6.07639e-09
      1098.50  3.36600e-09  1.36948e-10  6.19910e-09
      1098.75  5.30553e-09  1.36666e-10  6.12199e-09
      1099.00  4.38456e-09  1.36388e-10  6.11731e-09
      1099.25  2.03652e-09  1.36115e-10  6.12466e-09
      1099.50  1.64995e-09  1.35847e-10  6.27973e-09
      1099.75  1.63264e-09  1.35583e-10  5.95705e-09
      1100.00  1.55085e-09  1.35324e-10  6.09183e-09
      1100.25  1.75427e-09  1.35069e-10  6.38948e-09
      1100.50  2.37835e-09  1.34818e-10  6.22114e-09
      1100.75  2.96636e-09  1.34571e-10  6.22707e-09
      1101.00  2.42132e-09  1.34329e-10  6.28041e-09
      1101.25  2.09248e-09  1.34090e-10  6.16991e-09
      1101.50  2.45792e-09  1.33854e-10  5.93425e-09
      1101.75  2.82537e-09  1.33622e-10  5.77935e-09
      1102.00  3.10649e-09  1.33394e-10  5.85639e-09
      1102.25  4.03358e-09  1.33168e-10  5.98316e-09
      1102.50  4.15957e-09  1.32946e-10  5.93364e-09
      1102.75  2.18101e-09  1.32727e-10  5.77800e-09
      1103.00  1.46011e-09  1.32511e-10  6.01183e-09
      1103.25  1.57390e-09  1.32298e-10  6.17902e-09
      1103.50  1.72253e-09  1.32088e-10  6.31065e-09
      1103.75  2.80478e-09  1.31880e-10  6.18575e-09
      1104.00  2.51520e-09  1.31675e-10  5.99503e-09
      1104.25  1.92663e-09  1.31472e-10  6.13385e-09
      1104.50  2.19604e-09  1.31272e-10  5.81144e-09
      1104.75  3.07053e-09  1.31075e-10  5.92163e-09
      1105.00  4.78907e-09  1.30880e-10  5.77097e-09
      1105.25  5.78883e-09  1.30687e-10  5.95242e-09
      1105.50  5.11339e-09  1.30497e-10  6.25939e-09
      1105.75  3.34611e-09  1.30309e-10  6.11769e-09
      1106.00  2.93689e-09  1.30123e-10  5.74682e-09
      1106.25  2.79960e-09  1.29940e-10  5.84762e-09
      1106.50  1.79303e-09  1.29758e-10  5.91063e-09
      1106.75  2.06686e-09  1.29579e-10  5.96087e-09
      1107.00  3.74197e-09  1.29403e-10  5.96707e-09
      1107.25  5.82506e-09  1.29228e-10  5.93693e-09
      1107.50  4.71486e-09  1.29056e-10  5.90760e-09
      1107.75  2.34302e-09  1.28886e-10  6.04125e-09
      1108.00  1.55526e-09  1.28719e-10  6.09368e-09
      1108.25  1.29253e-09  1.28554e-10  5.90360e-09
      1108.50  1.10166e-09  1.28390e-10  6.12004e-09
      1108.75  1.10020e-09  1.28230e-10  5.90054e-09
      1109.00  1.42697e-09  1.28072e-10  6.13895e-09
      1109.25  2.75440e-09  1.27915e-10  6.34958e-09
      1109.50  4.28175e-09  1.27762e-10  6.04910e-09
      1109.75  3.89158e-09  1.27610e-10  6.01969e-09
      1110.00  3.87518e-09  1.27461e-10  5.91968e-09
      1110.25  3.00978e-09  1.27314e-10  5.96252e-09
      1110.50  3.66056e-09  1.27170e-10  6.01657e-09
      1110.75  5.34193e-09  1.27028e-10  5.86761e-09
      1111.00  3.37170e-09  1.26888e-10  5.61507e-09
      1111.25  1.61245e-09  1.26751e-10  5.91825e-09
      1111.50  1.75426e-09  1.26616e-10  5.75544e-09
      1111.75  2.59257e-09  1.26483e-10  5.76792e-09
      1112.00  3.03919e-09  1.26352e-10  5.88753e-09
      1112.25  1.74592e-09  1.26224e-10  5.89634e-09
      1112.50  1.10302e-09  1.26097e-10  5.90873e-09
      1112.75  1.31338e-09  1.25973e-10  5.86155e-09
      1113.00  1.83073e-09  1.25851e-10  5.84691e-09
      1113.25  3.12232e-09  1.25730e-10  5.64109e-09
      1113.50  3.40035e-09  1.25612e-10  5.69419e-09
      1113.75  5.01100e-09  1.25495e-10  6.04409e-09
      1114.00  5.31818e-09  1.25381e-10  5.84562e-09
      1114.25  3.73695e-09  1.25267e-10  5.93349e-09
      1114.50  3.42133e-09  1.25156e-10  5.78250e-09
      1114.75  2.49040e-09  1.25046e-10  5.77109e-09
      1115.00  1.88650e-09  1.24937e-10  5.96284e-09
      1115.25  3.09573e-09  1.24830e-10  5.72641e-09
      1115.50  3.57511e-09  1.24725e-10  5.81841e-09
      1115.75  3.42398e-09  1.24620e-10  5.77989e-09
      1116.00  3.33220e-09  1.24516e-10  5.62213e-09
      1116.25  1.88464e-09  1.24414e-10  5.82612e-09
      1116.50  1.20564e-09  1.24312e-10  5.86186e-09
      1116.75  1.28445e-09  1.24212e-10  5.68773e-09
      1117.00  1.17451e-09  1.24112e-10  5.56020e-09
      1117.25  1.35589e-09  1.24013e-10  5.63488e-09
      1117.50  1.70248e-09  1.23914e-10  5.99701e-09
      1117.75  2.46007e-09  1.23816e-10  6.00858e-09
      1118.00  4.99502e-09  1.23719e-10  5.63855e-09
      1118.25  6.59582e-09  1.23623e-10  5.49938e-09
      1118.50  4.09178e-09  1.23526e-10  5.66374e-09
      1118.75  3.77965e-09  1.23430e-10  5.80674e-09
      1119.00  6.00929e-09  1.23334e-10  5.82367e-09
      1119.25  3.93972e-09  1.23239e-10  5.66972e-09
      1119.50  1.78453e-09  1.23144e-10  5.64486e-09
      1119.75  2.35770e-09  1.23048e-10  5.58997e-09
      1120.00  4.13885e-09  1.22954e-10  5.65796e-09
      1120.25  4.19685e-09  1.22859e-10  5.79151e-09
      1120.50  3.04554e-09  1.22765e-10  5.98909e-09
      1120.75  3.04598e-09  1.22671e-10  5.79394e-09
      1121.00  2.97983e-09  1.22577e-10  5.40985e-09
      1121.25  4.66183e-09  1.22483e-10  5.52973e-09
      1121.50  4.50839e-09  1.22390e-10  5.71226e-09
      1121.75  2.40233e-09  1.22297e-10  5.57024e-09
      1122.00  2.51895e-09  1.22204e-10  5.48697e-09
      1122.25  5.57461e-09  1.22111e-10  5.44388e-09
      1122.50  6.17909e-09  1.22019e-10  5.74466e-09
      1122.75  4.80482e-09  1.21927e-10  5.62064e-09
      1123.00  4.77383e-09  1.21836e-10  5.44344e-09
      1123.25  4.73622e-09  1.21745e-10  5.53558e-09
      1123.50  5.35529e-09  1.21655e-10  5.60987e-09
      1123.75  4.12092e-09  1.21566e-10  5.66162e-09
      1124.00  2.85883e-09  1.21477e-10  5.53354e-09
      1124.25  3.90242e-09  1.21388e-10  5.58789e-09
      1124.50  3.21736e-09  1.21301e-10  5.59711e-09
      1124.75  1.54010e-09  1.21214e-10  5.39945e-09
      1125.00  1.27390e-09  1.21128e-10  5.43015e-09
      1125.25  1.14378e-09  1.21043e-10  5.54085e-09
      1125.50  1.41068e-09  1.20959e-10  5.42056e-09
      1125.75  1.42232e-09  1.20876e-10  5.43104e-09
      1126.00  1.80935e-09  1.20794e-10  5.57665e-09
      1126.25  2.96458e-09  1.20712e-10  5.70093e-09
      1126.50  5.67854e-09  1.20632e-10  5.79713e-09
      1126.75  5.59544e-09  1.20553e-10  5.68948e-09
      1127.00  5.31699e-09  1.20475e-10  5.44807e-09
      1127.25  6.28925e-09  1.20398e-10  5.43121e-09
      1127.50  3.44679e-09  1.20322e-10  5.57134e-09
      1127.75  2.22939e-09  1.20247e-10  5.38412e-09
      1128.00  3.47339e-09  1.20173e-10  5.42869e-09
      1128.25  3.73575e-09  1.20100e-10  5.34938e-09
      1128.50  1.97896e-09  1.20028e-10  5.54308e-09
      1128.75  1.44972e-09  1.19957e-10  5.51846e-09
      1129.00  1.50122e-09  1.19888e-10  5.54516e-09
      1129.25  2.08539e-09  1.19818e-10  5.37176e-09
      1129.50  2.65988e-09  1.19750e-10  5.30079e-09
      1129.75  2.08301e-09  1.19683e-10  5.51870e-09
      1130.00  1.76774e-09  1.19616e-10  5.61446e-09
      1130.25  2.02062e-09  1.19550e-10  5.32764e-09
      1130.50  4.06829e-09  1.19484e-10  5.35530e-09
      1130.75  6.19579e-09  1.19419e-10  5.77543e-09
      1131.00  5.35303e-09  1.19355e-10  5.54669e-09
      1131.25  3.21474e-09  1.19291e-10  5.43725e-09
      1131.50  3.88516e-09  1.19227e-10  5.57290e-09
      1131.75  4.25523e-09  1.19164e-10  5.47923e-09
      1132.00  2.64258e-09  1.19101e-10  5.48070e-09
      1132.25  2.60074e-09  1.19038e-10  5.56662e-09
      1132.50  3.92229e-09  1.18975e-10  5.57456e-09
      1132.75  3.27438e-09  1.18912e-10  5.55980e-09
      1133.00  2.17694e-09  1.18849e-10  5.65389e-09
      1133.25  1.53189e-09  1.18786e-10  5.67651e-09
      1133.50  1.35671e-09  1.18723e-10  5.38762e-09
      1133.75  1.80403e-09  1.18660e-10  5.48312e-09
      1134.00  1.92799e-09  1.18596e-10  5.60479e-09
      1134.25  1.83010e-09  1.18532e-10  5.57689e-09
      1134.50  3.07870e-09  1.18468e-10  5.41189e-09
      1134.75  5.46501e-09  1.18404e-10  5.41577e-09
      1135.00  5.91408e-09  1.18339e-10  5.50023e-09
      1135.25  6.41613e-09  1.18274e-10  5.50205e-09
      1135.50  5.45068e-09  1.18209e-10  5.37259e-09
      1135.75  2.80271e-09  1.18143e-10  5.30329e-09
      1136.00  4.65003e-09  1.18077e-10  5.28581e-09
      1136.25  7.28792e-09  1.18011e-10  5.38726e-09
      1136.50  5.12953e-09  1.17945e-10  5.38664e-09
      1136.75  2.46058e-09  1.17878e-10  5.53655e-09
      1137.00  3.48556e-09  1.17811e-10  5.63226e-09
      1137.25  6.62715e-09  1.17744e-10  5.41909e-09
      1137.50  5.68692e-09  1.17676e-10  5.36776e-09
      1137.75  2.66528e-09  1.17609e-10  5.38290e-09
      1138.00  2.54563e-09  1.17542e-10  5.49098e-09
      1138.25  2.34860e-09  1.17474e-10  5.42434e-09
      1138.50  2.87236e-09  1.17407e-10  5.21249e-09
      1138.75  5.87090e-09  1.17340e-10  5.61056e-09
      1139.00  7.62167e-09  1.17274e-10  5.49579e-09
      1139.25  5.86427e-09  1.17207e-10  5.43931e-09
      1139.50  4.44034e-09  1.17141e-10  5.38085e-09
      1139.75  4.86999e-09  1.17076e-10  5.25245e-09
      1140.00  3.34664e-09  1.17011e-10  5.59741e-09
      1140.25  2.34928e-09  1.16947e-10  5.61165e-09
      1140.50  4.07448e-09  1.16884e-10  5.64631e-09
      1140.75  4.18791e-09  1.16821e-10  5.62465e-09
      1141.00  2.44470e-09  1.16759e-10  5.66489e-09
      1141.25  3.02005e-09  1.16698e-10  5.40923e-09
      1141.50  4.24120e-09  1.16638e-10  5.42828e-09
      1141.75  2.86697e-09  1.16579e-10  5.38100e-09
      1142.00  2.69649e-09  1.16521e-10  5.42656e-09
      1142.25  3.48860e-09  1.16464e-10  5.40496e-09
      1142.50  4.63524e-09  1.16409e-10  5.33181e-09
      1142.75  4.35804e-09  1.16354e-10  5.51940e-09
      1143.00  3.17856e-09  1.16301e-10  5.40608e-09
      1143.25  5.86941e-09  1.16249e-10  5.32202e-09
      1143.50  6.95644e-09  1.16198e-10  5.37418e-09
      1143.75  4.06686e-09  1.16149e-10  5.32216e-09
      1144.00  4.67430e-09  1.16100e-10  5.56422e-09
      1144.25  6.54866e-09  1.16054e-10  5.30786e-09
      1144.50  3.99346e-09  1.16008e-10  5.26504e-09
      1144.75  3.38987e-09  1.15963e-10  5.49531e-09
      1145.00  4.25758e-09  1.15919e-10  5.39580e-09
      1145.25  4.24302e-09  1.15877e-10  5.51539e-09
      1145.50  4.56105e-09  1.15835e-10  5.38695e-09
      1145.75  4.13969e-09  1.15795e-10  5.45308e-09
      1146.00  3.92333e-09  1.15755e-10  5.50825e-09
      1146.25  3.08102e-09  1.15717e-10  5.48303e-09
      1146.50  2.30609e-09  1.15679e-10  5.44249e-09
      1146.75  1.93320e-09  1.15642e-10  5.38804e-09
      1147.00  2.85460e-09  1.15606e-10  5.57932e-09
      1147.25  3.98710e-09  1.15570e-10  5.31332e-09
      1147.50  5.85267e-09  1.15535e-10  5.30287e-09
      1147.75  8.36120e-09  1.15500e-10  5.35936e-09
      1148.00  6.61418e-09  1.15466e-10  5.44016e-09
      1148.25  4.60525e-09  1.15433e-10  5.33868e-09
      1148.50  4.25722e-09  1.15399e-10  5.39624e-09
      1148.75  4.36491e-09  1.15366e-10  5.40064e-09
      1149.00  5.29908e-09  1.15333e-10  5.47560e-09
      1149.25  4.59348e-09  1.15301e-10  5.32001e-09
      1149.50  2.53114e-09  1.15268e-10  5.38069e-09
      1149.75  1.91094e-09  1.15236e-10  5.24708e-09
      1150.00  2.82720e-09  1.15203e-10  5.20833e-09
      1150.25  2.83799e-09  1.15170e-10  5.17978e-09
      1150.50  2.51954e-09  1.15138e-10  5.34701e-09
      1150.75  5.16696e-09  1.15105e-10  5.56396e-09
      1151.00  7.87485e-09  1.15073e-10  5.49215e-09
      1151.25  5.68119e-09  1.15040e-10  5.48798e-09
      1151.50  3.87761e-09  1.15007e-10  5.32004e-09
      1151.75  4.90749e-09  1.14975e-10  5.38350e-09
      1152.00  6.09089e-09  1.14942e-10  5.37387e-09
      1152.25  6.04074e-09  1.14909e-10  5.44116e-09
      1152.50  7.07512e-09  1.14876e-10  5.23485e-09
      1152.75  7.06039e-09  1.14843e-10  5.30131e-09
      1153.00  4.70089e-09  1.14810e-10  5.24882e-09
      1153.25  4.48636e-09  1.14778e-10  5.28164e-09
      1153.50  3.51348e-09  1.14745e-10  5.16289e-09
      1153.75  2.57163e-09  1.14713e-10  5.21930e-09
      1154.00  2.83565e-09  1.14681e-10  5.40077e-09
      1154.25  4.67199e-09  1.14649e-10  5.38674e-09
      1154.50  8.27249e-09  1.14618e-10  5.26969e-09
      1154.75  8.21050e-09  1.14588e-10  5.47092e-09
      1155.00  5.43617e-09  1.14558e-10  5.30694e-09
      1155.25  6.08216e-09  1.14528e-10  5.39927e-09
      1155.50  8.92939e-09  1.14500e-10  5.34809e-09
      1155.75  1.26828e-08  1.14472e-10  5.33179e-09
      1156.00  1.70242e-08  1.14445e-10  5.20512e-09
      1156.25  1.48758e-08  1.14419e-10  5.42062e-09
      1156.50  6.60224e-09  1.14393e-10  5.45484e-09
      1156.75  3.21892e-09  1.14369e-10  5.60655e-09
      1157.00  3.96094e-09  1.14346e-10  5.59276e-09
      1157.25  4.45964e-09  1.14324e-10  5.32667e-09
      1157.50  4.68615e-09  1.14304e-10  5.17853e-09
      1157.75  4.69912e-09  1.14284e-10  5.37384e-09
      1158.00  4.83422e-09  1.14265e-10  5.26695e-09
      1158.25  4.71312e-09  1.14248e-10  5.28224e-09
      1158.50  5.57903e-09  1.14232e-10  5.19653e-09
      1158.75  5.84873e-09  1.14218e-10  5.34588e-09
      1159.00  7.19952e-09  1.14204e-10  5.34533e-09
      1159.25  8.37601e-09  1.14192e-10  5.17507e-09
      1159.50  8.61692e-09  1.14181e-10  5.46512e-09
      1159.75  6.24363e-09  1.14171e-10  5.26039e-09
      1160.00  4.58063e-09  1.14162e-10  5.16064e-09
      1160.25  6.35126e-09  1.14154e-10  5.30401e-09
      1160.50  6.33786e-09  1.14147e-10  5.26923e-09
      1160.75  5.87792e-09  1.14141e-10  5.30364e-09
      1161.00  4.97980e-09  1.14136e-10  5.35474e-09
      1161.25  4.63267e-09  1.14132e-10  5.46135e-09
      1161.50  5.28910e-09  1.14128e-10  5.30611e-09
      1161.75  4.96760e-09  1.14124e-10  5.05060e-09
      1162.00  5.24855e-09  1.14121e-10  5.27182e-09
      1162.25  6.58671e-09  1.14119e-10  5.29701e-09
      1162.50  6.43817e-09  1.14117e-10  5.30788e-09
      1162.75  6.29888e-09  1.14115e-10  5.45199e-09
      1163.00  6.45439e-09  1.14112e-10  5.54612e-09
      1163.25  4.33681e-09  1.14110e-10  5.27964e-09
      1163.50  3.84965e-09  1.14107e-10  5.07115e-09
      1163.75  6.99672e-09  1.14104e-10  5.31365e-09
      1164.00  6.40732e-09  1.14101e-10  5.27338e-09
      1164.25  7.56336e-09  1.14097e-10  5.17739e-09
      1164.50  9.32546e-09  1.14092e-10  5.29338e-09
      1164.75  7.26486e-09  1.14086e-10  5.17026e-09
      1165.00  6.45593e-09  1.14080e-10  5.25903e-09
      1165.25  5.68157e-09  1.14072e-10  5.30635e-09
      1165.50  7.02615e-09  1.14064e-10  5.17403e-09
      1165.75  7.61698e-09  1.14054e-10  5.19182e-09
      1166.00  7.33510e-09  1.14043e-10  5.22104e-09
      1166.25  6.83748e-09  1.14030e-10  5.38783e-09
      1166.50  5.13463e-09  1.14017e-10  5.64104e-09
      1166.75  2.63057e-09  1.14002e-10  5.34562e-09
      1167.00  1.75111e-09  1.13985e-10  5.25205e-09
      1167.25  2.69607e-09  1.13967e-10  5.32641e-09
      1167.50  3.02191e-09  1.13948e-10  5.13877e-09
      1167.75  2.84982e-09  1.13927e-10  5.04361e-09
      1168.00  5.05416e-09  1.13905e-10  5.33939e-09
      1168.25  6.88420e-09  1.13882e-10  5.43122e-09
      1168.50  6.68576e-09  1.13857e-10  5.25672e-09
      1168.75  7.89021e-09  1.13831e-10  5.26316e-09
      1169.00  8.17311e-09  1.13804e-10  5.18408e-09
      1169.25  8.01197e-09  1.13776e-10  5.28152e-09
      1169.50  5.87802e-09  1.13746e-10  5.33699e-09
      1169.75  4.46800e-09  1.13716e-10  5.22356e-09
      1170.00  6.76022e-09  1.13685e-10  4.98362e-09
      1170.25  9.33459e-09  1.13654e-10  5.03460e-09
      1170.50  6.48801e-09  1.13621e-10  5.04504e-09
      1170.75  3.82054e-09  1.13589e-10  5.38303e-09
      1171.00  5.01786e-09  1.13556e-10  5.29197e-09
      1171.25  6.10086e-09  1.13523e-10  5.14960e-09
      1171.50  5.55427e-09  1.13489e-10  5.12974e-09
      1171.75  3.98408e-09  1.13456e-10  5.10048e-09
      1172.00  3.59353e-09  1.13423e-10  5.15516e-09
      1172.25  4.49180e-09  1.13391e-10  5.45288e-09
      1172.50  7.96233e-09  1.13359e-10  5.20793e-09
      1172.75  7.44352e-09  1.13328e-10  5.25140e-09
      1173.00  6.88434e-09  1.13297e-10  5.19606e-09
      1173.25  7.15439e-09  1.13267e-10  5.27922e-09
      1173.50  3.77267e-09  1.13238e-10  5.25745e-09
      1173.75  2.02202e-09  1.13211e-10  5.28864e-09
      1174.00  2.56127e-09  1.13185e-10  5.43946e-09
      1174.25  2.82898e-09  1.13160e-10  5.41934e-09
      1174.50  1.92871e-09  1.13136e-10  5.27926e-09
      1174.75  2.78244e-09  1.13114e-10  5.26309e-09
      1175.00  4.23011e-09  1.13093e-10  5.26536e-09
      1175.25  3.15061e-09  1.13075e-10  5.27337e-09
      1175.50  3.35746e-09  1.13057e-10  5.05594e-09
      1175.75  5.44783e-09  1.13042e-10  5.11101e-09
      1176.00  4.10501e-09  1.13028e-10  5.34686e-09
      1176.25  2.59584e-09  1.13016e-10  5.37979e-09
      1176.50  3.22447e-09  1.13005e-10  5.21728e-09
      1176.75  4.43019e-09  1.12997e-10  5.28578e-09
      1177.00  5.85259e-09  1.12989e-10  5.52734e-09
      1177.25  4.84043e-09  1.12984e-10  5.29160e-09
      1177.50  6.12978e-09  1.12980e-10  5.04287e-09
      1177.75  9.63611e-09  1.12978e-10  5.22266e-09
      1178.00  6.61960e-09  1.12977e-10  5.26345e-09
      1178.25  2.62049e-09  1.12978e-10  4.99383e-09
      1178.50  3.91399e-09  1.12980e-10  5.03878e-09
      1178.75  4.29521e-09  1.12983e-10  5.13492e-09
      1179.00  3.95959e-09  1.12987e-10  5.18965e-09
      1179.25  4.98408e-09  1.12992e-10  5.24221e-09
      1179.50  3.85199e-09  1.12998e-10  5.38459e-09
      1179.75  3.92906e-09  1.13005e-10  5.18922e-09
      1180.00  4.88410e-09  1.13012e-10  5.22918e-09
      1180.25  2.79198e-09  1.13020e-10  5.19319e-09
      1180.50  1.91382e-09  1.13028e-10  5.02408e-09
      1180.75  3.63424e-09  1.13037e-10  5.16543e-09
      1181.00  5.09032e-09  1.13045e-10  5.18908e-09
      1181.25  6.40781e-09  1.13054e-10  5.07958e-09
      1181.50  6.32302e-09  1.13062e-10  5.28889e-09
      1181.75  4.11477e-09  1.13070e-10  5.33867e-09
      1182.00  3.69163e-09  1.13078e-10  5.09892e-09
      1182.25  4.03752e-09  1.13085e-10  5.15279e-09
      1182.50  3.71971e-09  1.13092e-10  5.18994e-09
      1182.75  3.77689e-09  1.13098e-10  5.18419e-09
      1183.00  4.72775e-09  1.13103e-10  5.22638e-09
      1183.25  4.36362e-09  1.13107e-10  5.24850e-09
      1183.50  2.45624e-09  1.13111e-10  5.44834e-09
      1183.75  1.99847e-09  1.13113e-10  5.17946e-09
      1184.00  3.41328e-09  1.13115e-10  5.15717e-09
      1184.25  5.79911e-09  1.13115e-10  5.15756e-09
      1184.50  5.18551e-09  1.13114e-10  5.16446e-09
      1184.75  7.02037e-09  1.13112e-10  5.05457e-09
      1185.00  1.03450e-08  1.13109e-10  5.22211e-09
      1185.25  7.30013e-09  1.13104e-10  5.41499e-09
      1185.50  7.15902e-09  1.13099e-10  5.29461e-09
      1185.75  1.23661e-08  1.13092e-10  5.39958e-09
      1186.00  1.12038e-08  1.13085e-10  5.25676e-09
      1186.25  4.12446e-09  1.13076e-10  5.14313e-09
      1186.50  1.47049e-09  1.13066e-10  5.25282e-09
      1186.75  1.71786e-09  1.13055e-10  5.25076e-09
      1187.00  2.64297e-09  1.13044e-10  5.21686e-09
      1187.25  3.87903e-09  1.13032e-10  5.32152e-09
      1187.50  2.37972e-09  1.13018e-10  5.33989e-09
      1187.75  1.16335e-09  1.13005e-10  5.09562e-09
      1188.00  1.54111e-09  1.12991e-10  5.04937e-09
      1188.25  2.80607e-09  1.12976e-10  5.18825e-09
      1188.50  4.54328e-09  1.12961e-10  5.40091e-09
      1188.75  4.96086e-09  1.12945e-10  5.58566e-09
      1189.00  4.14017e-09  1.12930e-10  5.30486e-09
      1189.25  2.62558e-09  1.12915e-10  4.92619e-09
      1189.50  2.89170e-09  1.12899e-10  5.21148e-09
      1189.75  5.86045e-09  1.12884e-10  5.48776e-09
      1190.00  7.88204e-09  1.12869e-10  5.36737e-09
      1190.25  9.56987e-09  1.12854e-10  5.01818e-09
      1190.50  1.09658e-08  1.12840e-10  5.16251e-09
      1190.75  1.14362e-08  1.12826e-10  5.29822e-09
      1191.00  8.14746e-09  1.12813e-10  5.35798e-09
      1191.25  7.04934e-09  1.12800e-10  5.46419e-09
      1191.50  8.91330e-09  1.12788e-10  5.15210e-09
      1191.75  5.48648e-09  1.12777e-10  5.42269e-09
      1192.00  3.84343e-09  1.12767e-10  5.41094e-09
      1192.25  3.21191e-09  1.12757e-10  5.46521e-09
      1192.50  4.32090e-09  1.12749e-10  5.12390e-09
      1192.75  7.32046e-09  1.12741e-10  4.99395e-09
      1193.00  6.00869e-09  1.12735e-10  5.28067e-09
      1193.25  3.23793e-09  1.12729e-10  5.38024e-09
      1193.50  2.07560e-09  1.12725e-10  5.13923e-09
      1193.75  1.66100e-09  1.12721e-10  4.96594e-09
      1194.00  1.83182e-09  1.12719e-10  4.96242e-09
      1194.25  2.99148e-09  1.12717e-10  4.96523e-09
      1194.50  3.67479e-09  1.12716e-10  5.12486e-09
      1194.75  4.59615e-09  1.12717e-10  5.21977e-09
      1195.00  4.69778e-09  1.12718e-10  5.30761e-09
      1195.25  2.73521e-09  1.12719e-10  5.32605e-09
      1195.50  3.18450e-09  1.12722e-10  5.13511e-09
      1195.75  4.96705e-09  1.12726e-10  5.03114e-09
      1196.00  5.20190e-09  1.12730e-10  5.16489e-09
      1196.25  5.86751e-09  1.12735e-10  5.56729e-09
      1196.50  5.01017e-09  1.12740e-10  5.34086e-09
      1196.75  4.15433e-09  1.12746e-10  5.08662e-09
      1197.00  5.91298e-09  1.12752e-10  5.15429e-09
      1197.25  9.21395e-09  1.12758e-10  5.13875e-09
      1197.50  7.12013e-09  1.12766e-10  5.14508e-09
      1197.75  2.49652e-09  1.12773e-10  5.14984e-09
      1198.00  1.75356e-09  1.12780e-10  4.94409e-09
      1198.25  4.30892e-09  1.12787e-10  5.28056e-09
      1198.50  7.76219e-09  1.12795e-10  5.34465e-09
      1198.75  6.03290e-09  1.12802e-10  5.20918e-09
      1199.00  3.55176e-09  1.12810e-10  5.28006e-09
      1199.25  3.80724e-09  1.12817e-10  5.00033e-09
      1199.50  5.64833e-09  1.12824e-10  5.11745e-09
      1199.75  5.55286e-09  1.12831e-10  5.35762e-09
      1200.00  3.38956e-09  1.12838e-10  5.29857e-09
      1200.25  2.19983e-09  1.12845e-10  5.12665e-09
      1200.50  3.89195e-09  1.12851e-10  5.17609e-09
      1200.75  8.24665e-09  1.12857e-10  5.39770e-09
      1201.00  9.56164e-09  1.12863e-10  5.52101e-09
      1201.25  9.36016e-09  1.12868e-10  5.34849e-09
      1201.50  1.18517e-08  1.12874e-10  5.04025e-09
      1201.75  1.08649e-08  1.12878e-10  5.13671e-09
      1202.00  5.87450e-09  1.12883e-10  5.05013e-09
      1202.25  5.29106e-09  1.12887e-10  5.36287e-09
      1202.50  7.06579e-09  1.12891e-10  5.13399e-09
      1202.75  6.89008e-09  1.12895e-10  5.20114e-09
      1203.00  6.12385e-09  1.12899e-10  5.57095e-09
      1203.25  8.52185e-09  1.12902e-10  5.41669e-09
      1203.50  1.15105e-08  1.12905e-10  5.07108e-09
      1203.75  9.11257e-09  1.12909e-10  5.00483e-09
      1204.00  7.18354e-09  1.12912e-10  5.20852e-09
      1204.25  8.00492e-09  1.12915e-10  5.45928e-09
      1204.50  5.72286e-09  1.12918e-10  5.33800e-09
      1204.75  3.25043e-09  1.12921e-10  5.32322e-09
      1205.00  2.48768e-09  1.12924e-10  5.35454e-09
      1205.25  4.05831e-09  1.12928e-10  5.18478e-09
      1205.50  5.62823e-09  1.12931e-10  5.23272e-09
      1205.75  4.77487e-09  1.12935e-10  5.30590e-09
      1206.00  5.15623e-09  1.12939e-10  5.17808e-09
      1206.25  4.24666e-09  1.12943e-10  5.11860e-09
      1206.50  2.28804e-09  1.12948e-10  5.11719e-09
      1206.75  2.16816e-09  1.12953e-10  5.18821e-09
      1207.00  2.43715e-09  1.12958e-10  5.17213e-09
      1207.25  1.70284e-09  1.12963e-10  5.10115e-09
      1207.50  2.29299e-09  1.12969e-10  5.37165e-09
      1207.75  4.48709e-09  1.12976e-10  5.20388e-09
      1208.00  4.98335e-09  1.12983e-10  5.09810e-09
      1208.25  4.31681e-09  1.12990e-10  5.13619e-09
      1208.50  4.82401e-09  1.12998e-10  5.26772e-09
      1208.75  4.94280e-09  1.13005e-10  5.20295e-09
      1209.00  3.04933e-09  1.13014e-10  5.46703e-09
      1209.25  2.62455e-09  1.13023e-10  5.49203e-09
      1209.50  6.14746e-09  1.13032e-10  5.21699e-09
      1209.75  1.23414e-08  1.13042e-10  5.09800e-09
      1210.00  1.28288e-08  1.13051e-10  5.14575e-09
      1210.25  5.58007e-09  1.13061e-10  5.10884e-09
      1210.50  4.35759e-09  1.13072e-10  5.18371e-09
      1210.75  7.76383e-09  1.13082e-10  5.18844e-09
      1211.00  7.55344e-09  1.13093e-10  5.03486e-09
      1211.25  7.46468e-09  1.13104e-10  5.08267e-09
      1211.50  7.87194e-09  1.13115e-10  5.34100e-09
      1211.75  1.21563e-08  1.13126e-10  5.39928e-09
      1212.00  1.57794e-08  1.13138e-10  5.39510e-09
      1212.25  1.02751e-08  1.13149e-10  5.15795e-09
      1212.50  4.53827e-09  1.13160e-10  5.17431e-09
      1212.75  3.50128e-09  1.13171e-10  5.32121e-09
      1213.00  3.29990e-09  1.13182e-10  5.38983e-09
      1213.25  3.43004e-09  1.13193e-10  5.34952e-09
      1213.50  4.48396e-09  1.13204e-10  5.27556e-09
      1213.75  3.93949e-09  1.13215e-10  5.14999e-09
      1214.00  2.67035e-09  1.13225e-10  5.09899e-09
      1214.25  2.20348e-09  1.13235e-10  5.08567e-09
      1214.50  2.64059e-09  1.13245e-10  5.00470e-09
      1214.75  3.69758e-09  1.13255e-10  5.18934e-09
      1215.00  3.69565e-09  1.13264e-10  5.31399e-09
      1215.25  3.81191e-09  1.13273e-10  5.45517e-09
      1215.50  4.62325e-09  1.13282e-10  5.35042e-09
      1215.75  7.24277e-09  1.13291e-10  5.14172e-09
      1216.00  1.11209e-08  1.13299e-10  5.21293e-09
      1216.25  1.25282e-08  1.13307e-10  5.19687e-09
      1216.50  8.17696e-09  1.13315e-10  5.02990e-09
      1216.75  6.02909e-09  1.13323e-10  5.25111e-09
      1217.00  6.07838e-09  1.13331e-10  5.28082e-09
      1217.25  8.67665e-09  1.13338e-10  5.21935e-09
      1217.50  1.23433e-08  1.13345e-10  5.28704e-09
      1217.75  9.57535e-09  1.13353e-10  5.21024e-09
      1218.00  6.00898e-09  1.13360e-10  5.28787e-09
      1218.25  3.17640e-09  1.13367e-10  5.33033e-09
      1218.50  4.88687e-09  1.13374e-10  5.12838e-09
      1218.75  7.07267e-09  1.13382e-10  5.01324e-09
      1219.00  6.56380e-09  1.13389e-10  5.16411e-09
      1219.25  4.30981e-09  1.13397e-10  5.20935e-09
      1219.50  5.67986e-09  1.13405e-10  5.15088e-09
      1219.75  6.13381e-09  1.13414e-10  5.20228e-09
      1220.00  4.99645e-09  1.13422e-10  5.26774e-09
      1220.25  6.53230e-09  1.13431e-10  5.20769e-09
      1220.50  6.34801e-09  1.13441e-10  5.28020e-09
      1220.75  9.84413e-09  1.13451e-10  5.12784e-09
      1221.00  9.43125e-09  1.13461e-10  5.05983e-09
      1221.25  7.73527e-09  1.13472e-10  5.21171e-09
      1221.50  8.24136e-09  1.13484e-10  5.46552e-09
      1221.75  7.79617e-09  1.13496e-10  5.33823e-09
      1222.00  6.68811e-09  1.13508e-10  5.24325e-09
      1222.25  7.26175e-09  1.13522e-10  4.88667e-09
      1222.50  9.61609e-09  1.13536e-10  5.01451e-09
      1222.75  9.31082e-09  1.13550e-10  5.17299e-09
      1223.00  8.93041e-09  1.13565e-10  4.97966e-09
      1223.25  9.03916e-09  1.13581e-10  5.24625e-09
      1223.50  6.84281e-09  1.13598e-10  5.10453e-09
      1223.75  8.42762e-09  1.13615e-10  4.94167e-09
      1224.00  1.06748e-08  1.13633e-10  5.04666e-09
      1224.25  5.26063e-09  1.13651e-10  5.22594e-09
      1224.50  1.84665e-09  1.13670e-10  5.29760e-09
      1224.75  2.02465e-09  1.13689e-10  5.31923e-09
      1225.00  3.22869e-09  1.13709e-10  5.40100e-09
      1225.25  5.94739e-09  1.13730e-10  5.20036e-09
      1225.50  7.69709e-09  1.13750e-10  5.20202e-09
      1225.75  5.48379e-09  1.13772e-10  5.25887e-09
      1226.00  4.23941e-09  1.13793e-10  5.17684e-09
      1226.25  3.45001e-09  1.13815e-10  5.13093e-09
      1226.50  2.57552e-09  1.13837e-10  5.20402e-09
      1226.75  3.92595e-09  1.13860e-10  5.33886e-09
      1227.00  3.14645e-09  1.13882e-10  5.28434e-09
      1227.25  1.38403e-09  1.13905e-10  5.25671e-09
      1227.50  1.37935e-09  1.13928e-10  5.37544e-09
      1227.75  2.81839e-09  1.13950e-10  5.17542e-09
      1228.00  6.39164e-09  1.13973e-10  5.19306e-09
      1228.25  8.98760e-09  1.13996e-10  5.15521e-09
      1228.50  8.63391e-09  1.14018e-10  5.19217e-09
      1228.75  1.02721e-08  1.14041e-10  5.24467e-09
      1229.00  1.16062e-08  1.14063e-10  5.19922e-09
      1229.25  1.42456e-08  1.14085e-10  5.21092e-09
      1229.50  1.22382e-08  1.14107e-10  5.20911e-09
      1229.75  9.84365e-09  1.14128e-10  5.15030e-09
      1230.00  1.37360e-08  1.14150e-10  5.03486e-09
      1230.25  1.33851e-08  1.14171e-10  5.31604e-09
      1230.50  8.88631e-09  1.14191e-10  5.48963e-09
      1230.75  5.48513e-09  1.14212e-10  5.24757e-09
      1231.00  4.23031e-09  1.14232e-10  5.29463e-09
      1231.25  4.37931e-09  1.14252e-10  5.42464e-09
      1231.50  6.61477e-09  1.14272e-10  5.18388e-09
      1231.75  8.06399e-09  1.14291e-10  5.35877e-09
      1232.00  7.56602e-09  1.14310e-10  5.37467e-09
      1232.25  7.90971e-09  1.14329e-10  5.26573e-09
      1232.50  7.92672e-09  1.14348e-10  5.18305e-09
      1232.75  5.80755e-09  1.14366e-10  5.25694e-09
      1233.00  7.14182e-09  1.14385e-10  5.21613e-09
      1233.25  9.46617e-09  1.14403e-10  5.29410e-09
      1233.50  7.90023e-09  1.14422e-10  5.36836e-09
      1233.75  3.87454e-09  1.14440e-10  5.23165e-09
      1234.00  3.23335e-09  1.14459e-10  5.15740e-09
      1234.25  4.80230e-09  1.14477e-10  5.27764e-09
      1234.50  3.66511e-09  1.14496e-10  5.17165e-09
      1234.75  4.27678e-09  1.14515e-10  5.23566e-09
      1235.00  5.67016e-09  1.14534e-10  5.10006e-09
      1235.25  5.15895e-09  1.14554e-10  5.33472e-09
      1235.50  4.74298e-09  1.14574e-10  5.30976e-09
      1235.75  1.13455e-08  1.14594e-10  5.39315e-09
      1236.00  1.58699e-08  1.14614e-10  5.09543e-09
      1236.25  1.21960e-08  1.14636e-10  5.19737e-09
      1236.50  8.83214e-09  1.14657e-10  5.24379e-09
      1236.75  7.52346e-09  1.14680e-10  5.39992e-09
      1237.00  1.16025e-08  1.14702e-10  5.17962e-09
      1237.25  1.25609e-08  1.14726e-10  5.52045e-09
      1237.50  7.37735e-09  1.14749e-10  5.37757e-09
      1237.75  6.41568e-09  1.14774e-10  4.89414e-09
      1238.00  7.68666e-09  1.14799e-10  5.02933e-09
      1238.25  7.20651e-09  1.14825e-10  5.28320e-09
      1238.50  1.01282e-08  1.14851e-10  5.43106e-09
      1238.75  1.21481e-08  1.14878e-10  5.21077e-09
      1239.00  7.07992e-09  1.14906e-10  5.28437e-09
      1239.25  4.13365e-09  1.14934e-10  5.27787e-09
      1239.50  5.97099e-09  1.14963e-10  5.33345e-09
      1239.75  8.55384e-09  1.14992e-10  5.19271e-09
      1240.00  7.71178e-09  1.15022e-10  5.32595e-09
      1240.25  7.02548e-09  1.15052e-10  5.44149e-09
      1240.50  1.20168e-08  1.15083e-10  5.52909e-09
      1240.75  1.96070e-08  1.15114e-10  5.46976e-09
      1241.00  1.77712e-08  1.15145e-10  5.47372e-09
      1241.25  7.41128e-09  1.15177e-10  5.33878e-09
      1241.50  4.14799e-09  1.15209e-10  5.26868e-09
      1241.75  8.61550e-09  1.15241e-10  5.38143e-09
      1242.00  9.41069e-09  1.15274e-10  5.38589e-09
      1242.25  6.43339e-09  1.15306e-10  5.35984e-09
      1242.50  1.14037e-08  1.15339e-10  5.39217e-09
      1242.75  1.46787e-08  1.15371e-10  5.26205e-09
      1243.00  1.32218e-08  1.15404e-10  5.09248e-09
      1243.25  1.18643e-08  1.15436e-10  5.28754e-09
      1243.50  7.82902e-09  1.15468e-10  5.27074e-09
      1243.75  4.23594e-09  1.15500e-10  5.37962e-09
      1244.00  3.48391e-09  1.15532e-10  5.37205e-09
      1244.25  2.76632e-09  1.15564e-10  5.29991e-09
      1244.50  2.90578e-09  1.15595e-10  5.44767e-09
      1244.75  4.96611e-09  1.15626e-10  5.51946e-09
      1245.00  1.22018e-08  1.15657e-10  5.35131e-09
      1245.25  1.73411e-08  1.15688e-10  5.26355e-09
      1245.50  1.42960e-08  1.15718e-10  5.24062e-09
      1245.75  1.41774e-08  1.15748e-10  5.28352e-09
      1246.00  1.13196e-08  1.15777e-10  5.24781e-09
      1246.25  1.56015e-08  1.15806e-10  5.48875e-09
      1246.50  2.13290e-08  1.15835e-10  5.40537e-09
      1246.75  1.28426e-08  1.15864e-10  5.41274e-09
      1247.00  5.30736e-09  1.15892e-10  5.41231e-09
      1247.25  5.74786e-09  1.15920e-10  5.39337e-09
      1247.50  1.55095e-08  1.15948e-10  5.51318e-09
      1247.75  2.68528e-08  1.15975e-10  5.39482e-09
      1248.00  2.00316e-08  1.16003e-10  5.57242e-09
      1248.25  9.22022e-09  1.16030e-10  5.72722e-09
      1248.50  7.82256e-09  1.16057e-10  5.58711e-09
      1248.75  7.09122e-09  1.16084e-10  5.65441e-09
      1249.00  6.08494e-09  1.16112e-10  5.36354e-09
      1249.25  8.15626e-09  1.16139e-10  5.14292e-09
      1249.50  1.64255e-08  1.16166e-10  5.47672e-09
      1249.75  1.71574e-08  1.16194e-10  5.39746e-09
      1250.00  1.19646e-08  1.16222e-10  5.33402e-09
      1250.25  6.42252e-09  1.16250e-10  5.32824e-09
      1250.50  3.45670e-09  1.16279e-10  5.33980e-09
      1250.75  2.98688e-09  1.16308e-10  5.49326e-09
      1251.00  4.28198e-09  1.16337e-10  5.57955e-09
      1251.25  5.71529e-09  1.16367e-10  5.53390e-09
      1251.50  6.35285e-09  1.16397e-10  5.43787e-09
      1251.75  9.16651e-09  1.16428e-10  5.30536e-09
      1252.00  1.10188e-08  1.16459e-10  5.21938e-09
      1252.25  1.17965e-08  1.16492e-10  5.51771e-09
      1252.50  1.01683e-08  1.16524e-10  5.72663e-09
      1252.75  8.17594e-09  1.16558e-10  5.61732e-09
      1253.00  1.00356e-08  1.16592e-10  5.26905e-09
      1253.25  1.99151e-08  1.16627e-10  5.59325e-09
      1253.50  2.90827e-08  1.16662e-10  5.30308e-09
      1253.75  2.93859e-08  1.16698e-10  5.33485e-09
      1254.00  1.47715e-08  1.16735e-10  5.51144e-09
      1254.25  5.30897e-09  1.16772e-10  5.30838e-09
      1254.50  7.39103e-09  1.16810e-10  5.54715e-09
      1254.75  1.32495e-08  1.16848e-10  5.44146e-09
      1255.00  1.82797e-08  1.16887e-10  5.42974e-09
      1255.25  1.03073e-08  1.16926e-10  5.38995e-09
      1255.50  3.81182e-09  1.16965e-10  5.33722e-09
      1255.75  3.90919e-09  1.17006e-10  5.26366e-09
      1256.00  6.64178e-09  1.17046e-10  5.40393e-09
      1256.25  9.69315e-09  1.17087e-10  5.60591e-09
      1256.50  1.52818e-08  1.17127e-10  5.60255e-09
      1256.75  1.32878e-08  1.17168e-10  5.37890e-09
      1257.00  6.30435e-09  1.17208e-10  5.21868e-09
      1257.25  7.09311e-09  1.17249e-10  5.29039e-09
      1257.50  8.24204e-09  1.17290e-10  5.40463e-09
      1257.75  7.65446e-09  1.17330e-10  5.07375e-09
      1258.00  7.17386e-09  1.17370e-10  5.19940e-09
      1258.25  7.68467e-09  1.17410e-10  5.40902e-09
      1258.50  7.52011e-09  1.17449e-10  5.23924e-09
      1258.75  8.86938e-09  1.17488e-10  5.40554e-09
      1259.00  1.14482e-08  1.17526e-10  5.47007e-09
      1259.25  1.57813e-08  1.17563e-10  5.61095e-09
      1259.50  2.65552e-08  1.17600e-10  5.39043e-09
      1259.75  2.96320e-08  1.17636e-10  5.45810e-09
      1260.00  1.75432e-08  1.17671e-10  5.41168e-09
      1260.25  9.01749e-09  1.17706e-10  5.48411e-09
      1260.50  1.47519e-08  1.17739e-10  5.27967e-09
      1260.75  2.31629e-08  1.17772e-10  5.36499e-09
      1261.00  1.81762e-08  1.17803e-10  5.29010e-09
      1261.25  1.02893e-08  1.17834e-10  5.29464e-09
      1261.50  1.43463e-08  1.17863e-10  5.24192e-09
      1261.75  1.65840e-08  1.17892e-10  5.28234e-09
      1262.00  1.76034e-08  1.17920e-10  5.46621e-09
      1262.25  2.00892e-08  1.17946e-10  5.27044e-09
      1262.50  1.27423e-08  1.17972e-10  5.04410e-09
      1262.75  1.15617e-08  1.17997e-10  5.26864e-09
      1263.00  2.00216e-08  1.18021e-10  5.54126e-09
      1263.25  2.68822e-08  1.18044e-10  5.53470e-09
      1263.50  1.96600e-08  1.18066e-10  5.79160e-09
      1263.75  9.09538e-09  1.18087e-10  5.46418e-09
      1264.00  1.07991e-08  1.18108e-10  5.33858e-09
      1264.25  1.12751e-08  1.18128e-10  5.48040e-09
      1264.50  7.71586e-09  1.18147e-10  5.52619e-09
      1264.75  4.65778e-09  1.18166e-10  5.46983e-09
      1265.00  1.00651e-08  1.18184e-10  5.68148e-09
      1265.25  2.13570e-08  1.18202e-10  5.53420e-09
      1265.50  2.74461e-08  1.18219e-10  5.56119e-09
      1265.75  1.93918e-08  1.18236e-10  5.74887e-09
      1266.00  1.00854e-08  1.18253e-10  5.52383e-09
      1266.25  7.46010e-09  1.18270e-10  5.46303e-09
      1266.50  6.30336e-09  1.18286e-10  5.46424e-09
      1266.75  4.77848e-09  1.18303e-10  5.40120e-09
      1267.00  5.71253e-09  1.18319e-10  5.30990e-09
      1267.25  9.87589e-09  1.18336e-10  5.49781e-09
      1267.50  1.86048e-08  1.18352e-10  5.57612e-09
      1267.75  3.03621e-08  1.18369e-10  5.46734e-09
      1268.00  2.83675e-08  1.18386e-10  5.43600e-09
      1268.25  2.63629e-08  1.18403e-10  5.48075e-09
      1268.50  2.53926e-08  1.18421e-10  5.57420e-09
      1268.75  2.42011e-08  1.18438e-10  5.51662e-09
      1269.00  2.46990e-08  1.18456e-10  5.39825e-09
      1269.25  1.65514e-08  1.18475e-10  5.40398e-09
      1269.50  1.19542e-08  1.18493e-10  5.37978e-09
      1269.75  1.14577e-08  1.18512e-10  5.21006e-09
      1270.00  1.02497e-08  1.18531e-10  5.12776e-09
      1270.25  1.00612e-08  1.18551e-10  5.47574e-09
      1270.50  1.74983e-08  1.18570e-10  5.53369e-09
      1270.75  2.76129e-08  1.18591e-10  5.39836e-09
      1271.00  2.36200e-08  1.18611e-10  5.38332e-09
      1271.25  2.57458e-08  1.18631e-10  5.34042e-09
      1271.50  3.05489e-08  1.18652e-10  5.44486e-09
      1271.75  1.74494e-08  1.18673e-10  5.75789e-09
      1272.00  7.07162e-09  1.18693e-10  5.53446e-09
      1272.25  4.64963e-09  1.18714e-10  5.35266e-09
      1272.50  4.17028e-09  1.18735e-10  5.53568e-09
      1272.75  4.28220e-09  1.18756e-10  5.54948e-09
      1273.00  4.00217e-09  1.18776e-10  5.26869e-09
      1273.25  3.90037e-09  1.18796e-10  5.50289e-09
      1273.50  4.16520e-09  1.18817e-10  5.49308e-09
      1273.75  5.59215e-09  1.18836e-10  5.49398e-09
      1274.00  9.41422e-09  1.18856e-10  5.69412e-09
      1274.25  1.06959e-08  1.18875e-10  5.85039e-09
      1274.50  1.19491e-08  1.18893e-10  5.89144e-09
      1274.75  2.22457e-08  1.18912e-10  5.90946e-09
      1275.00  3.29758e-08  1.18929e-10  5.52128e-09
      1275.25  3.14861e-08  1.18946e-10  5.61318e-09
      1275.50  2.19347e-08  1.18963e-10  5.73680e-09
      1275.75  1.38760e-08  1.18979e-10  5.54296e-09
      1276.00  1.00848e-08  1.18994e-10  5.31202e-09
      1276.25  9.98472e-09  1.19009e-10  5.35532e-09
      1276.50  1.48086e-08  1.19023e-10  5.44763e-09
      1276.75  2.53148e-08  1.19037e-10  5.39210e-09
      1277.00  2.32384e-08  1.19050e-10  5.39002e-09
      1277.25  2.16535e-08  1.19062e-10  5.30676e-09
      1277.50  2.46913e-08  1.19074e-10  5.37827e-09
      1277.75  1.36052e-08  1.19086e-10  5.50886e-09
      1278.00  5.25428e-09  1.19097e-10  5.47866e-09
      1278.25  4.32451e-09  1.19107e-10  5.51519e-09
      1278.50  3.82512e-09  1.19117e-10  5.23204e-09
      1278.75  3.42325e-09  1.19127e-10  5.42267e-09
      1279.00  3.87353e-09  1.19137e-10  5.55202e-09
      1279.25  6.44076e-09  1.19147e-10  5.49667e-09
      1279.50  1.01105e-08  1.19156e-10  5.33768e-09
      1279.75  1.08381e-08  1.19166e-10  5.39480e-09
      1280.00  1.18393e-08  1.19175e-10  5.35898e-09
      1280.25  1.10536e-08  1.19185e-10  5.46405e-09
      1280.50  8.75719e-09  1.19195e-10  5.56174e-09
      1280.75  1.09856e-08  1.19205e-10  5.48168e-09
      1281.00  1.38807e-08  1.19216e-10  5.53724e-09
      1281.25  1.88054e-08  1.19227e-10  5.60882e-09
      1281.50  2.50049e-08  1.19239e-10  5.34861e-09
      1281.75  2.13976e-08  1.19251e-10  5.36875e-09
      1282.00  1.17319e-08  1.19264e-10  5.52442e-09
      1282.25  1.55447e-08  1.19278e-10  5.68318e-09
      1282.50  2.62579e-08  1.19292e-10  5.69590e-09
      1282.75  3.33364e-08  1.19308e-10  5.51505e-09
      1283.00  3.41709e-08  1.19325e-10  5.39574e-09
      1283.25  3.34598e-08  1.19342e-10  5.52368e-09
      1283.50  2.93647e-08  1.19361e-10  5.71791e-09
      1283.75  1.54589e-08  1.19381e-10  5.74426e-09
      1284.00  7.41390e-09  1.19402e-10  5.47992e-09
      1284.25  7.15388e-09  1.19424e-10  5.64632e-09
      1284.50  7.69171e-09  1.19447e-10  5.59510e-09
      1284.75  5.52278e-09  1.19471e-10  5.55523e-09
      1285.00  6.41550e-09  1.19497e-10  5.29288e-09
      1285.25  9.65043e-09  1.19523e-10  5.16184e-09
      1285.50  7.91440e-09  1.19551e-10  5.61503e-09
      1285.75  5.21619e-09  1.19580e-10  5.41069e-09
      1286.00  5.84549e-09  1.19609e-10  5.31346e-09
      1286.25  8.74050e-09  1.19640e-10  5.34626e-09
      1286.50  1.27092e-08  1.19672e-10  5.24894e-09
      1286.75  1.17163e-08  1.19704e-10  5.38841e-09
      1287.00  7.62623e-09  1.19737e-10  5.42679e-09
      1287.25  9.65857e-09  1.19772e-10  5.66887e-09
      1287.50  2.08282e-08  1.19806e-10  5.77615e-09
      1287.75  3.37354e-08  1.19841e-10  5.35758e-09
      1288.00  2.67854e-08  1.19877e-10  5.55799e-09
      1288.25  2.44679e-08  1.19913e-10  5.77243e-09
      1288.50  2.92703e-08  1.19949e-10  5.36764e-09
      1288.75  2.78686e-08  1.19986e-10  5.23974e-09
      1289.00  2.50544e-08  1.20022e-10  5.59654e-09
      1289.25  1.33986e-08  1.20059e-10  5.91491e-09
      1289.50  1.01288e-08  1.20095e-10  5.75757e-09
      1289.75  1.30383e-08  1.20131e-10  5.40787e-09
      1290.00  1.21743e-08  1.20167e-10  5.37935e-09
      1290.25  8.96007e-09  1.20203e-10  5.36528e-09
      1290.50  9.73103e-09  1.20237e-10  5.32474e-09
      1290.75  1.01251e-08  1.20272e-10  5.62999e-09
      1291.00  7.16466e-09  1.20305e-10  5.37145e-09
      1291.25  6.38868e-09  1.20338e-10  5.29207e-09
      1291.50  5.60154e-09  1.20371e-10  5.43112e-09
      1291.75  7.59712e-09  1.20402e-10  5.58733e-09
      1292.00  1.11318e-08  1.20433e-10  5.49882e-09
      1292.25  1.36885e-08  1.20463e-10  5.60172e-09
      1292.50  1.78755e-08  1.20491e-10  5.32331e-09
      1292.75  1.74146e-08  1.20519e-10  5.47010e-09
      1293.00  1.11164e-08  1.20546e-10  5.50245e-09
      1293.25  1.29178e-08  1.20572e-10  5.65945e-09
      1293.50  1.92039e-08  1.20597e-10  5.59096e-09
      1293.75  1.96079e-08  1.20621e-10  5.36221e-09
      1294.00  1.91792e-08  1.20644e-10  5.29937e-09
      1294.25  2.63222e-08  1.20666e-10  5.47222e-09
      1294.50  3.12349e-08  1.20688e-10  5.47398e-09
      1294.75  2.56413e-08  1.20709e-10  5.95016e-09
      1295.00  2.12176e-08  1.20729e-10  5.70937e-09
      1295.25  2.23891e-08  1.20748e-10  5.31610e-09
      1295.50  2.09303e-08  1.20767e-10  5.18200e-09
      1295.75  1.82164e-08  1.20786e-10  5.33899e-09
      1296.00  1.52162e-08  1.20804e-10  5.60686e-09
      1296.25  1.41866e-08  1.20822e-10  5.78426e-09
      1296.50  1.49714e-08  1.20839e-10  5.54700e-09
      1296.75  1.58097e-08  1.20857e-10  5.44305e-09
      1297.00  1.76857e-08  1.20874e-10  5.64775e-09
      1297.25  2.36021e-08  1.20892e-10  5.53338e-09
      1297.50  3.50246e-08  1.20910e-10  5.52380e-09
      1297.75  3.48803e-08  1.20928e-10  5.44596e-09
      1298.00  2.75236e-08  1.20946e-10  5.54456e-09
      1298.25  2.14294e-08  1.20965e-10  5.68879e-09
      1298.50  1.44392e-08  1.20984e-10  5.68724e-09
      1298.75  9.60375e-09  1.21004e-10  5.32801e-09
      1299.00  9.91187e-09  1.21025e-10  5.23113e-09
      1299.25  1.42499e-08  1.21047e-10  5.52461e-09
      1299.50  2.32657e-08  1.21069e-10  5.42300e-09
      1299.75  2.93513e-08  1.21093e-10  5.39728e-09
      1300.00  2.70486e-08  1.21117e-10  5.69657e-09
      1300.25  2.56444e-08  1.21142e-10  5.69482e-09
      1300.50  1.89941e-08  1.21169e-10  5.55967e-09
      1300.75  1.16130e-08  1.21196e-10  5.73718e-09
      1301.00  1.41493e-08  1.21225e-10  5.78651e-09
      1301.25  2.77981e-08  1.21255e-10  5.70124e-09
      1301.50  3.67763e-08  1.21286e-10  5.64644e-09
      1301.75  3.39840e-08  1.21317e-10  5.83431e-09
      1302.00  3.17040e-08  1.21351e-10  5.73905e-09
      1302.25  2.40927e-08  1.21385e-10  5.48309e-09
      1302.50  2.33265e-08  1.21420e-10  5.46567e-09
      1302.75  3.19905e-08  1.21456e-10  5.55161e-09
      1303.00  3.21930e-08  1.21493e-10  5.72582e-09
      1303.25  3.59049e-08  1.21531e-10  5.61871e-09
      1303.50  4.46149e-08  1.21570e-10  5.40968e-09
      1303.75  4.41793e-08  1.21610e-10  5.31045e-09
      1304.00  3.93723e-08  1.21650e-10  5.42550e-09
      1304.25  4.18257e-08  1.21691e-10  5.32490e-09
      1304.50  4.59297e-08  1.21733e-10  5.28710e-09
      1304.75  4.77791e-08  1.21775e-10  5.53029e-09
      1305.00  4.69938e-08  1.21817e-10  5.35117e-09
      1305.25  4.89095e-08  1.21859e-10  5.55625e-09
      1305.50  5.94508e-08  1.21902e-10  5.86062e-09
      1305.75  6.55362e-08  1.21945e-10  5.72317e-09
      1306.00  6.33458e-08  1.21988e-10  5.66219e-09
      1306.25  4.92853e-08  1.22030e-10  6.15347e-09
      1306.50  3.07362e-08  1.22073e-10  6.25344e-09
      1306.75  1.99971e-08  1.22115e-10  5.83647e-09
      1307.00  1.45761e-08  1.22157e-10  5.78069e-09
      1307.25  1.05772e-08  1.22198e-10  5.66673e-09
      1307.50  7.19939e-09  1.22239e-10  5.57161e-09
      1307.75  5.35425e-09  1.22279e-10  5.43662e-09
      1308.00  4.53708e-09  1.22319e-10  5.36919e-09
      1308.25  6.20142e-09  1.22358e-10  5.32990e-09
      1308.50  8.09047e-09  1.22396e-10  5.24103e-09
      1308.75  6.23930e-09  1.22433e-10  5.36957e-09
      1309.00  4.42044e-09  1.22469e-10  5.57134e-09
      1309.25  4.74557e-09  1.22504e-10  5.55387e-09
      1309.50  4.65313e-09  1.22539e-10  5.40412e-09
      1309.75  3.98932e-09  1.22572e-10  5.61227e-09
      1310.00  3.07812e-09  1.22604e-10  5.46340e-09
      1310.25  3.50928e-09  1.22636e-10  5.33964e-09
      1310.50  4.33828e-09  1.22666e-10  5.63800e-09
      1310.75  6.16871e-09  1.22695e-10  5.60181e-09
      1311.00  1.02954e-08  1.22723e-10  5.78277e-09
      1311.25  2.08197e-08  1.22751e-10  5.70670e-09
      1311.50  2.30995e-08  1.22777e-10  5.62451e-09
      1311.75  1.20015e-08  1.22803e-10  5.72883e-09
      1312.00  5.57286e-09  1.22827e-10  5.54213e-09
      1312.25  3.80773e-09  1.22851e-10  5.39880e-09
      1312.50  3.14994e-09  1.22874e-10  5.39443e-09
      1312.75  2.78648e-09  1.22896e-10  5.59883e-09
      1313.00  3.17090e-09  1.22917e-10  5.34203e-09
      1313.25  4.51501e-09  1.22938e-10  5.70084e-09
      1313.50  7.40126e-09  1.22958e-10  5.76220e-09
      1313.75  9.68818e-09  1.22977e-10  5.72639e-09
      1314.00  7.61121e-09  1.22996e-10  5.57639e-09
      1314.25  4.79588e-09  1.23015e-10  5.65931e-09
      1314.50  4.30483e-09  1.23033e-10  5.69433e-09
      1314.75  3.27065e-09  1.23051e-10  5.49554e-09
      1315.00  3.02277e-09  1.23069e-10  5.53273e-09
      1315.25  3.02611e-09  1.23086e-10  5.40513e-09
      1315.50  3.26478e-09  1.23103e-10  5.42489e-09
      1315.75  4.05025e-09  1.23120e-10  5.38195e-09
      1316.00  5.30534e-09  1.23137e-10  5.57740e-09
      1316.25  8.06981e-09  1.23154e-10  5.86996e-09
      1316.50  1.48623e-08  1.23170e-10  5.69784e-09
      1316.75  2.30153e-08  1.23187e-10  5.40173e-09
      1317.00  1.73908e-08  1.23204e-10  5.87278e-09
      1317.25  6.60821e-09  1.23221e-10  5.98759e-09
      1317.50  3.33019e-09  1.23238e-10  5.72828e-09
      1317.75  3.09932e-09  1.23255e-10  5.58101e-09
      1318.00  4.12392e-09  1.23272e-10  5.74871e-09
      1318.25  5.56471e-09  1.23289e-10  5.78583e-09
      1318.50  9.14621e-09  1.23306e-10  5.84397e-09
      1318.75  1.24762e-08  1.23324e-10  5.79531e-09
      1319.00  9.62834e-09  1.23341e-10  5.68652e-09
      1319.25  5.05351e-09  1.23359e-10  5.66486e-09
      1319.50  3.49227e-09  1.23376e-10  5.47015e-09
      1319.75  4.83907e-09  1.23394e-10  5.46072e-09
      1320.00  5.11731e-09  1.23412e-10  5.51361e-09
      1320.25  4.53740e-09  1.23430e-10  5.67117e-09
      1320.50  4.35588e-09  1.23447e-10  5.66327e-09
      1320.75  4.13201e-09  1.23465e-10  5.23192e-09
      1321.00  5.32757e-09  1.23483e-10  5.41862e-09
      1321.25  6.28574e-09  1.23501e-10  5.99547e-09
      1321.50  8.80445e-09  1.23519e-10  5.73113e-09
      1321.75  1.77346e-08  1.23537e-10  5.77121e-09
      1322.00  3.09623e-08  1.23555e-10  5.44112e-09
      1322.25  2.59827e-08  1.23573e-10  5.79771e-09
      1322.50  9.78840e-09  1.23591e-10  5.56138e-09
      1322.75  5.04340e-09  1.23608e-10  5.29316e-09
      1323.00  5.35424e-09  1.23626e-10  5.62612e-09
      1323.25  7.22899e-09  1.23643e-10  5.78321e-09
      1323.50  9.17028e-09  1.23661e-10  5.76122e-09
      1323.75  1.02395e-08  1.23679e-10  5.69304e-09
      1324.00  1.12307e-08  1.23696e-10  5.69811e-09
      1324.25  9.27930e-09  1.23713e-10  5.61801e-09
      1324.50  6.21221e-09  1.23731e-10  5.51718e-09
      1324.75  5.35014e-09  1.23748e-10  5.90922e-09
      1325.00  4.87950e-09  1.23766e-10  5.56670e-09
      1325.25  4.54255e-09  1.23783e-10  5.36029e-09
      1325.50  5.10881e-09  1.23801e-10  5.39865e-09
      1325.75  5.20515e-09  1.23818e-10  5.52914e-09
      1326.00  5.00216e-09  1.23836e-10  5.68436e-09
      1326.25  6.13976e-09  1.23854e-10  5.47629e-09
      1326.50  9.58325e-09  1.23872e-10  5.81475e-09
      1326.75  1.89488e-08  1.23890e-10  6.09547e-09
      1327.00  3.63285e-08  1.23909e-10  5.91685e-09
      1327.25  4.33476e-08  1.23928e-10  5.71690e-09
      1327.50  2.76477e-08  1.23947e-10  5.96174e-09
      1327.75  1.14012e-08  1.23966e-10  5.82187e-09
      1328.00  7.75637e-09  1.23986e-10  5.54237e-09
      1328.25  9.19299e-09  1.24007e-10  5.42234e-09
      1328.50  8.83717e-09  1.24028e-10  5.55118e-09
      1328.75  8.26676e-09  1.24049e-10  5.37526e-09
      1329.00  1.05916e-08  1.24071e-10  5.43797e-09
      1329.25  1.03052e-08  1.24094e-10  5.50875e-09
      1329.50  7.46499e-09  1.24117e-10  5.55678e-09
      1329.75  5.74984e-09  1.24141e-10  5.43275e-09
      1330.00  4.72167e-09  1.24166e-10  5.43598e-09
      1330.25  5.13428e-09  1.24191e-10  5.55037e-09
      1330.50  5.34857e-09  1.24218e-10  5.73392e-09
      1330.75  4.42947e-09  1.24245e-10  5.84701e-09
      1331.00  5.67308e-09  1.24272e-10  5.62593e-09
      1331.25  7.28303e-09  1.24301e-10  5.62357e-09
      1331.50  8.58654e-09  1.24330e-10  5.77690e-09
      1331.75  1.50740e-08  1.24360e-10  6.06682e-09
      1332.00  2.60475e-08  1.24391e-10  5.96155e-09
      1332.25  3.38273e-08  1.24423e-10  5.92822e-09
      1332.50  4.02273e-08  1.24456e-10  5.55939e-09
      1332.75  3.39246e-08  1.24489e-10  5.88712e-09
      1333.00  1.74862e-08  1.24523e-10  6.04984e-09
      1333.25  9.51533e-09  1.24558e-10  5.77684e-09
      1333.50  7.05258e-09  1.24594e-10  5.44612e-09
      1333.75  7.92077e-09  1.24630e-10  5.33764e-09
      1334.00  1.02373e-08  1.24667e-10  5.56000e-09
      1334.25  9.88959e-09  1.24705e-10  5.89349e-09
      1334.50  5.65558e-09  1.24743e-10  5.76904e-09
      1334.75  4.90907e-09  1.24782e-10  5.71850e-09
      1335.00  5.93597e-09  1.24821e-10  5.73653e-09
      1335.25  6.50603e-09  1.24861e-10  5.92919e-09
      1335.50  6.05610e-09  1.24901e-10  5.85740e-09
      1335.75  5.36959e-09  1.24942e-10  5.69771e-09
      1336.00  5.92918e-09  1.24983e-10  5.45850e-09
      1336.25  7.43817e-09  1.25025e-10  5.76250e-09
      1336.50  1.21456e-08  1.25067e-10  5.92276e-09
      1336.75  2.21460e-08  1.25109e-10  5.75539e-09
      1337.00  2.88490e-08  1.25151e-10  5.31548e-09
      1337.25  2.29921e-08  1.25194e-10  5.42076e-09
      1337.50  2.52392e-08  1.25237e-10  5.55651e-09
      1337.75  2.76382e-08  1.25280e-10  5.57781e-09
      1338.00  1.71803e-08  1.25323e-10  5.78012e-09
      1338.25  9.36541e-09  1.25366e-10  5.91317e-09
      1338.50  9.66718e-09  1.25409e-10  5.75576e-09
      1338.75  9.14420e-09  1.25453e-10  5.69933e-09
      1339.00  6.51930e-09  1.25496e-10  5.55832e-09
      1339.25  5.80763e-09  1.25539e-10  5.42205e-09
      1339.50  5.26007e-09  1.25583e-10  5.49758e-09
      1339.75  7.23228e-09  1.25626e-10  5.33200e-09
      1340.00  7.66914e-09  1.25669e-10  5.51601e-09
      1340.25  7.29099e-09  1.25712e-10  5.45091e-09
      1340.50  6.24642e-09  1.25755e-10  5.49829e-09
      1340.75  4.81745e-09  1.25797e-10  5.80884e-09
      1341.00  5.74723e-09  1.25840e-10  5.73260e-09
      1341.25  1.12756e-08  1.25882e-10  6.02348e-09
      1341.50  2.42839e-08  1.25925e-10  5.68266e-09
      1341.75  3.28532e-08  1.25967e-10  5.49435e-09
      1342.00  2.52614e-08  1.26009e-10  5.58460e-09
      1342.25  1.69933e-08  1.26050e-10  5.59958e-09
      1342.50  2.35402e-08  1.26092e-10  5.50904e-09
      1342.75  3.19252e-08  1.26133e-10  5.59824e-09
      1343.00  2.65167e-08  1.26174e-10  5.94385e-09
      1343.25  1.40371e-08  1.26215e-10  6.04329e-09
      1343.50  8.81723e-09  1.26255e-10  5.89566e-09
      1343.75  8.60004e-09  1.26295e-10  5.80387e-09
      1344.00  8.62766e-09  1.26335e-10  5.59673e-09
      1344.25  7.97185e-09  1.26375e-10  5.62962e-09
      1344.50  5.88029e-09  1.26414e-10  5.72981e-09
      1344.75  5.00146e-09  1.26453e-10  5.78763e-09
      1345.00  5.76316e-09  1.26491e-10  5.68985e-09
      1345.25  6.62882e-09  1.26529e-10  5.61818e-09
      1345.50  5.36410e-09  1.26566e-10  5.86160e-09
      1345.75  5.47334e-09  1.26603e-10  5.58717e-09
      1346.00  1.09435e-08  1.26639e-10  5.75327e-09
      1346.25  1.86156e-08  1.26675e-10  5.92633e-09
      1346.50  2.35199e-08  1.26710e-10  5.74380e-09
      1346.75  2.43934e-08  1.26745e-10  5.73865e-09
      1347.00  2.28237e-08  1.26779e-10  6.04155e-09
      1347.25  1.62825e-08  1.26812e-10  5.75801e-09
      1347.50  1.30856e-08  1.26845e-10  5.73521e-09
      1347.75  1.99199e-08  1.26877e-10  5.71494e-09
      1348.00  2.20172e-08  1.26908e-10  5.79400e-09
      1348.25  1.17644e-08  1.26939e-10  5.97833e-09
      1348.50  3.38932e-09  1.26969e-10  5.65904e-09
      1348.75  2.77845e-09  1.26998e-10  5.53467e-09
      1349.00  4.48782e-09  1.27026e-10  5.50074e-09
      1349.25  6.41259e-09  1.27054e-10  5.68354e-09
      1349.50  6.13069e-09  1.27081e-10  5.54487e-09
      1349.75  4.80792e-09  1.27107e-10  5.74331e-09
      1350.00  3.63875e-09  1.27132e-10  5.52359e-09
      1350.25  4.93746e-09  1.27157e-10  5.71990e-09
      1350.50  8.78459e-09  1.27181e-10  6.02402e-09
      1350.75  1.52184e-08  1.27204e-10  5.98858e-09
      1351.00  1.98144e-08  1.27227e-10  5.95025e-09
      1351.25  1.76325e-08  1.27249e-10  5.67631e-09
      1351.50  1.42557e-08  1.27270e-10  5.76691e-09
      1351.75  1.35596e-08  1.27291e-10  5.79555e-09
      1352.00  1.09797e-08  1.27312e-10  5.76380e-09
      1352.25  6.82569e-09  1.27332e-10  5.48440e-09
      1352.50  5.52639e-09  1.27351e-10  5.56120e-09
      1352.75  9.94608e-09  1.27370e-10  5.71835e-09
      1353.00  1.87144e-08  1.27389e-10  5.80281e-09
      1353.25  1.48752e-08  1.27408e-10  5.92324e-09
      1353.50  4.90923e-09  1.27427e-10  5.83884e-09
      1353.75  3.29364e-09  1.27446e-10  5.83551e-09
      1354.00  5.86293e-09  1.27465e-10  5.68703e-09
      1354.25  7.25775e-09  1.27484e-10  5.69260e-09
      1354.50  5.63416e-09  1.27503e-10  5.79451e-09
      1354.75  5.91855e-09  1.27523e-10  5.63107e-09
      1355.00  8.99624e-09  1.27543e-10  5.69057e-09
      1355.25  1.58683e-08  1.27563e-10  5.70423e-09
      1355.50  1.81647e-08  1.27584e-10  5.60576e-09
      1355.75  1.51696e-08  1.27605e-10  5.82408e-09
      1356.00  1.42999e-08  1.27627e-10  5.71971e-09
      1356.25  1.38765e-08  1.27650e-10  5.75030e-09
      1356.50  1.28318e-08  1.27673e-10  5.88471e-09
      1356.75  8.97697e-09  1.27697e-10  5.75444e-09
      1357.00  5.33228e-09  1.27722e-10  5.96819e-09
      1357.25  4.02676e-09  1.27748e-10  5.77824e-09
      1357.50  4.89933e-09  1.27775e-10  5.67285e-09
      1357.75  7.39666e-09  1.27802e-10  5.87633e-09
      1358.00  1.17395e-08  1.27831e-10  5.92682e-09
      1358.25  1.09034e-08  1.27860e-10  5.95903e-09
      1358.50  5.09479e-09  1.27890e-10  5.64906e-09
      1358.75  3.98030e-09  1.27921e-10  5.65423e-09
      1359.00  4.43083e-09  1.27952e-10  5.60186e-09
      1359.25  5.33983e-09  1.27985e-10  5.61611e-09
      1359.50  6.48336e-09  1.28017e-10  5.76228e-09
      1359.75  9.49245e-09  1.28051e-10  5.68747e-09
      1360.00  1.05856e-08  1.28085e-10  6.00122e-09
      1360.25  8.15385e-09  1.28119e-10  6.00666e-09
      1360.50  8.45261e-09  1.28153e-10  5.94919e-09
      1360.75  7.37502e-09  1.28188e-10  6.12364e-09
      1361.00  6.73495e-09  1.28222e-10  6.03189e-09
      1361.25  8.23892e-09  1.28257e-10  5.89707e-09
      1361.50  6.58485e-09  1.28290e-10  5.86422e-09
      1361.75  4.51037e-09  1.28324e-10  5.84730e-09
      1362.00  4.29080e-09  1.28357e-10  5.69079e-09
      1362.25  5.15738e-09  1.28389e-10  5.71726e-09
      1362.50  4.74736e-09  1.28420e-10  5.93883e-09
      1362.75  4.22854e-09  1.28451e-10  5.67654e-09
      1363.00  8.29582e-09  1.28480e-10  5.70366e-09
      1363.25  8.54241e-09  1.28507e-10  5.56022e-09
      1363.50  4.04894e-09  1.28534e-10  5.53186e-09
      1363.75  4.96485e-09  1.28558e-10  5.51476e-09
      1364.00  9.20834e-09  1.28581e-10  5.50599e-09
      1364.25  9.69346e-09  1.28602e-10  5.79691e-09
      1364.50  6.23384e-09  1.28621e-10  5.67056e-09
      1364.75  4.06235e-09  1.28638e-10  5.65475e-09
      1365.00  4.95884e-09  1.28652e-10  5.88072e-09
      1365.25  4.55963e-09  1.28665e-10  5.90261e-09
      1365.50  3.14601e-09  1.28675e-10  5.85391e-09
      1365.75  5.27517e-09  1.28682e-10  6.14714e-09
      1366.00  8.08036e-09  1.28688e-10  6.01525e-09
      1366.25  6.62306e-09  1.28690e-10  5.71469e-09
      1366.50  3.70216e-09  1.28691e-10  5.68629e-09
      1366.75  2.43387e-09  1.28689e-10  5.79527e-09
      1367.00  1.73276e-09  1.28685e-10  5.95524e-09
      1367.25  1.81132e-09  1.28679e-10  5.79610e-09
      1367.50  2.68194e-09  1.28671e-10  5.77045e-09
      1367.75  4.32914e-09  1.28661e-10  5.93603e-09
      1368.00  6.29774e-09  1.28649e-10  5.75967e-09
      1368.25  8.63882e-09  1.28635e-10  5.76713e-09
      1368.50  9.32727e-09  1.28620e-10  5.86627e-09
      1368.75  8.14733e-09  1.28603e-10  5.84703e-09
      1369.00  6.51435e-09  1.28586e-10  5.93183e-09
      1369.25  5.70948e-09  1.28567e-10  6.11415e-09
      1369.50  6.37736e-09  1.28548e-10  5.72061e-09
      1369.75  4.95214e-09  1.28529e-10  5.59553e-09
      1370.00  2.76948e-09  1.28509e-10  5.67475e-09
      1370.25  2.09522e-09  1.28490e-10  5.65220e-09
      1370.50  2.97367e-09  1.28471e-10  5.61944e-09
      1370.75  4.64174e-09  1.28452e-10  5.88765e-09
      1371.00  4.74326e-09  1.28435e-10  5.92341e-09
      1371.25  3.58140e-09  1.28419e-10  5.88551e-09
      1371.50  2.92051e-09  1.28405e-10  5.73192e-09
      1371.75  2.34663e-09  1.28393e-10  5.79904e-09
      1372.00  2.32547e-09  1.28382e-10  5.69805e-09
      1372.25  2.54989e-09  1.28375e-10  5.79635e-09
      1372.50  3.08725e-09  1.28369e-10  5.84959e-09
      1372.75  5.49748e-09  1.28367e-10  5.79096e-09
      1373.00  7.83601e-09  1.28368e-10  5.87413e-09
      1373.25  6.25431e-09  1.28373e-10  5.88085e-09
      1373.50  3.93776e-09  1.28381e-10  5.74962e-09
      1373.75  4.69384e-09  1.28393e-10  5.98252e-09
      1374.00  5.00457e-09  1.28408e-10  5.93750e-09
      1374.25  3.96414e-09  1.28428e-10  5.99712e-09
      1374.50  2.77548e-09  1.28453e-10  5.96118e-09
      1374.75  2.44689e-09  1.28481e-10  6.09787e-09
      1375.00  2.95004e-09  1.28514e-10  6.02231e-09
      1375.25  5.14844e-09  1.28551e-10  5.85761e-09
      1375.50  6.18162e-09  1.28592e-10  5.78240e-09
      1375.75  4.05244e-09  1.28638e-10  5.88498e-09
      1376.00  2.92686e-09  1.28688e-10  5.93339e-09
      1376.25  3.60352e-09  1.28742e-10  5.90587e-09
      1376.50  4.40111e-09  1.28800e-10  5.94444e-09
      1376.75  5.89422e-09  1.28863e-10  5.91884e-09
      1377.00  6.79389e-09  1.28929e-10  5.90501e-09
      1377.25  5.25204e-09  1.28998e-10  5.83047e-09
      1377.50  4.69465e-09  1.29071e-10  5.91853e-09
      1377.75  5.73264e-09  1.29147e-10  5.85013e-09
      1378.00  6.67404e-09  1.29225e-10  5.83547e-09
      1378.25  7.01375e-09  1.29306e-10  5.85788e-09
      1378.50  6.83980e-09  1.29389e-10  5.95128e-09
      1378.75  6.33642e-09  1.29474e-10  5.86552e-09
      1379.00  6.00241e-09  1.29560e-10  5.89807e-09
      1379.25  5.49069e-09  1.29647e-10  5.91577e-09
      1379.50  4.14771e-09  1.29734e-10  5.79344e-09
      1379.75  2.80213e-09  1.29822e-10  5.88021e-09
      1380.00  2.85901e-09  1.29909e-10  5.97816e-09
      1380.25  3.69084e-09  1.29996e-10  5.95796e-09
      1380.50  3.06004e-09  1.30081e-10  5.78166e-09
      1380.75  2.43777e-09  1.30164e-10  5.88474e-09
      1381.00  4.54360e-09  1.30246e-10  6.00533e-09
      1381.25  7.01644e-09  1.30325e-10  5.83962e-09
      1381.50  4.76922e-09  1.30401e-10  6.00915e-09
      1381.75  2.10449e-09  1.30473e-10  5.74343e-09
      1382.00  2.88801e-09  1.30542e-10  5.58008e-09
      1382.25  3.81817e-09  1.30607e-10  5.75991e-09
      1382.50  3.23017e-09  1.30668e-10  5.73275e-09
      1382.75  4.02732e-09  1.30723e-10  5.68393e-09
      1383.00  6.74416e-09  1.30774e-10  5.73926e-09
      1383.25  6.06098e-09  1.30819e-10  5.81114e-09
      1383.50  3.69817e-09  1.30859e-10  5.67316e-09
      1383.75  2.60632e-09  1.30893e-10  5.88824e-09
      1384.00  2.75859e-09  1.30922e-10  6.04462e-09
      1384.25  2.92407e-09  1.30944e-10  5.89668e-09
      1384.50  2.23335e-09  1.30961e-10  6.13158e-09
      1384.75  3.35655e-09  1.30971e-10  5.94627e-09
      1385.00  4.20887e-09  1.30976e-10  5.85109e-09
      1385.25  4.07540e-09  1.30974e-10  5.99613e-09
      1385.50  3.73192e-09  1.30967e-10  5.92978e-09
      1385.75  2.69971e-09  1.30954e-10  5.66869e-09
      1386.00  3.31163e-09  1.30935e-10  5.75347e-09
      1386.25  5.46276e-09  1.30911e-10  5.94900e-09
      1386.50  6.10791e-09  1.30882e-10  5.95215e-09
      1386.75  4.23864e-09  1.30848e-10  5.70666e-09
      1387.00  2.36530e-09  1.30810e-10  5.53345e-09
      1387.25  2.56657e-09  1.30767e-10  5.73108e-09
      1387.50  4.35863e-09  1.30721e-10  5.76626e-09
      1387.75  4.97638e-09  1.30671e-10  5.54349e-09
      1388.00  4.24700e-09  1.30618e-10  5.59594e-09
      1388.25  3.09583e-09  1.30563e-10  6.10918e-09
      1388.50  2.10114e-09  1.30506e-10  6.05889e-09
      1388.75  1.91856e-09  1.30447e-10  5.79468e-09
      1389.00  2.90455e-09  1.30387e-10  5.62907e-09
      1389.25  4.88036e-09  1.30326e-10  5.74025e-09
      1389.50  5.70137e-09  1.30266e-10  5.73873e-09
      1389.75  5.04383e-09  1.30205e-10  5.69595e-09
      1390.00  2.98097e-09  1.30145e-10  5.71683e-09
      1390.25  2.30851e-09  1.30086e-10  5.58178e-09
      1390.50  2.58735e-09  1.30029e-10  5.58672e-09
      1390.75  2.39050e-09  1.29973e-10  5.80786e-09
      1391.00  2.55828e-09  1.29921e-10  5.89353e-09
      1391.25  1.95811e-09  1.29871e-10  5.90262e-09
      1391.50  1.93738e-09  1.29823e-10  5.83095e-09
      1391.75  2.26354e-09  1.29780e-10  5.51432e-09
      1392.00  2.49221e-09  1.29740e-10  5.83261e-09
      1392.25  2.38730e-09  1.29704e-10  5.81888e-09
      1392.50  2.31434e-09  1.29672e-10  5.53807e-09
      1392.75  3.09750e-09  1.29645e-10  5.75535e-09
      1393.00  2.76583e-09  1.29622e-10  5.71997e-09
      1393.25  1.68809e-09  1.29604e-10  5.84363e-09
      1393.50  1.79939e-09  1.29590e-10  5.87175e-09
      1393.75  2.97742e-09  1.29581e-10  5.68068e-09
      1394.00  3.83500e-09  1.29578e-10  5.91494e-09
      1394.25  3.17814e-09  1.29579e-10  5.90211e-09
      1394.50  1.91624e-09  1.29585e-10  6.01719e-09
      1394.75  1.57450e-09  1.29595e-10  5.72239e-09
      1395.00  2.54000e-09  1.29610e-10  5.60837e-09
      1395.25  3.55056e-09  1.29630e-10  5.67821e-09
      1395.50  4.02391e-09  1.29653e-10  5.76362e-09
      1395.75  4.46027e-09  1.29681e-10  5.68901e-09
      1396.00  3.90923e-09  1.29713e-10  5.68545e-09
      1396.25  3.50000e-09  1.29747e-10  5.74829e-09
      1396.50  4.21494e-09  1.29785e-10  5.59460e-09
      1396.75  4.91537e-09  1.29826e-10  5.55290e-09
      1397.00  4.38998e-09  1.29870e-10  5.86931e-09
      1397.25  3.29812e-09  1.29915e-10  5.97062e-09
      1397.50  3.62440e-09  1.29962e-10  5.79197e-09
      1397.75  3.51779e-09  1.30011e-10  5.78121e-09
      1398.00  2.69425e-09  1.30061e-10  5.67584e-09
      1398.25  3.33209e-09  1.30111e-10  5.84540e-09
      1398.50  3.30808e-09  1.30162e-10  5.78592e-09
      1398.75  2.22312e-09  1.30212e-10  5.76046e-09
      1399.00  2.58901e-09  1.30262e-10  5.87426e-09
      1399.25  3.15651e-09  1.30312e-10  5.94242e-09
      1399.50  2.91736e-09  1.30360e-10  5.96844e-09
      1399.75  3.32473e-09  1.30406e-10  6.02150e-09
      1400.00  2.54052e-09  1.30451e-10  5.77649e-09
      1400.25  1.37542e-09  1.30493e-10  5.81073e-09
      1400.50  1.72586e-09  1.30533e-10  5.84984e-09
      1400.75  1.89738e-09  1.30570e-10  5.61484e-09
      1401.00  1.91721e-09  1.30605e-10  5.54038e-09
      1401.25  2.31311e-09  1.30636e-10  5.53078e-09
      1401.50  3.21271e-09  1.30664e-10  5.78663e-09
      1401.75  3.16233e-09  1.30688e-10  5.85667e-09
      1402.00  1.86838e-09  1.30709e-10  5.86356e-09
      1402.25  1.63992e-09  1.30726e-10  5.67248e-09
      1402.50  2.65113e-09  1.30739e-10  5.69364e-09
      1402.75  2.49756e-09  1.30749e-10  5.75983e-09
      1403.00  1.83088e-09  1.30755e-10  5.75578e-09
      1403.25  1.76502e-09  1.30758e-10  5.73663e-09
      1403.50  2.28690e-09  1.30757e-10  5.59601e-09
      1403.75  2.79709e-09  1.30753e-10  5.88161e-09
      1404.00  2.61459e-09  1.30746e-10  5.94689e-09
      1404.25  2.87073e-09  1.30735e-10  5.74190e-09
      1404.50  3.74745e-09  1.30722e-10  5.74985e-09
      1404.75  4.77467e-09  1.30706e-10  5.62400e-09
      1405.00  3.46104e-09  1.30688e-10  5.65138e-09
      1405.25  1.84618e-09  1.30668e-10  5.73324e-09
      1405.50  2.77078e-09  1.30646e-10  5.94327e-09
      1405.75  4.02696e-09  1.30623e-10  5.84485e-09
      1406.00  2.71850e-09  1.30599e-10  5.87570e-09
      1406.25  1.13539e-09  1.30574e-10  5.71112e-09
      1406.50  1.50097e-09  1.30549e-10  5.83025e-09
      1406.75  1.90120e-09  1.30523e-10  5.96642e-09
      1407.00  2.17284e-09  1.30498e-10  5.89870e-09
      1407.25  2.50690e-09  1.30473e-10  5.92810e-09
      1407.50  2.82429e-09  1.30448e-10  5.89375e-09
      1407.75  2.05786e-09  1.30425e-10  5.59789e-09
      1408.00  1.43438e-09  1.30404e-10  5.69120e-09
      1408.25  2.20129e-09  1.30384e-10  5.51942e-09
      1408.50  2.67001e-09  1.30366e-10  5.52604e-09
      1408.75  2.38383e-09  1.30351e-10  5.74126e-09
      1409.00  2.91035e-09  1.30337e-10  5.62896e-09
      1409.25  3.15136e-09  1.30327e-10  5.66862e-09
      1409.50  2.66423e-09  1.30319e-10  5.84625e-09
      1409.75  2.35760e-09  1.30314e-10  5.82965e-09
      1410.00  2.73076e-09  1.30312e-10  5.91578e-09
      1410.25  3.65244e-09  1.30314e-10  6.01026e-09
      1410.50  4.06557e-09  1.30318e-10  5.79415e-09
      1410.75  3.61416e-09  1.30326e-10  5.79833e-09
      1411.00  3.04815e-09  1.30337e-10  5.84616e-09
      1411.25  3.23574e-09  1.30352e-10  5.71580e-09
      1411.50  2.87788e-09  1.30370e-10  5.67999e-09
      1411.75  2.91675e-09  1.30391e-10  5.78883e-09
      1412.00  3.06645e-09  1.30415e-10  5.80391e-09
      1412.25  2.63883e-09  1.30442e-10  5.77624e-09
      1412.50  2.42157e-09  1.30472e-10  5.84682e-09
      1412.75  3.28229e-09  1.30505e-10  5.74475e-09
      1413.00  3.79234e-09  1.30540e-10  5.66798e-09
      1413.25  3.38336e-09  1.30577e-10  5.83524e-09
      1413.50  2.42966e-09  1.30616e-10  5.63720e-09
      1413.75  1.44110e-09  1.30658e-10  5.78432e-09
      1414.00  1.77522e-09  1.30700e-10  5.87582e-09
      1414.25  2.04709e-09  1.30744e-10  5.77645e-09
      1414.50  1.58967e-09  1.30790e-10  5.68755e-09
      1414.75  1.78844e-09  1.30836e-10  5.71749e-09
      1415.00  3.23539e-09  1.30882e-10  5.63919e-09
      1415.25  3.08703e-09  1.30929e-10  5.62115e-09
      1415.50  1.93294e-09  1.30976e-10  5.82561e-09
      1415.75  1.83723e-09  1.31022e-10  5.73546e-09
      1416.00  2.89847e-09  1.31068e-10  5.71037e-09
      1416.25  4.50022e-09  1.31113e-10  5.87174e-09
      1416.50  4.78969e-09  1.31157e-10  5.95584e-09
      1416.75  2.95061e-09  1.31200e-10  5.85039e-09
      1417.00  2.36682e-09  1.31241e-10  5.73355e-09
      1417.25  3.13884e-09  1.31281e-10  5.68578e-09
      1417.50  2.73920e-09  1.31319e-10  5.85815e-09
      1417.75  1.78076e-09  1.31355e-10  5.84345e-09
      1418.00  2.32528e-09  1.31388e-10  5.75606e-09
      1418.25  4.81319e-09  1.31419e-10  5.76002e-09
      1418.50  5.05752e-09  1.31448e-10  5.81322e-09
      1418.75  4.34660e-09  1.31475e-10  5.71271e-09
      1419.00  3.44808e-09  1.31499e-10  5.59657e-09
      1419.25  1.96115e-09  1.31520e-10  5.56806e-09
      1419.50  1.55977e-09  1.31540e-10  5.76078e-09
      1419.75  2.01214e-09  1.31556e-10  5.83954e-09
      1420.00  2.17855e-09  1.31571e-10  5.89944e-09
      1420.25  2.06714e-09  1.31583e-10  5.91586e-09
      1420.50  2.08552e-09  1.31594e-10  5.88061e-09
      1420.75  2.61899e-09  1.31602e-10  5.84177e-09
      1421.00  3.76793e-09  1.31608e-10  5.93095e-09
      1421.25  2.95006e-09  1.31613e-10  5.71380e-09
      1421.50  1.41296e-09  1.31616e-10  5.74585e-09
      1421.75  1.30005e-09  1.31618e-10  5.78437e-09
      1422.00  2.39247e-09  1.31619e-10  5.81199e-09
      1422.25  2.92351e-09  1.31619e-10  5.76698e-09
      1422.50  2.01864e-09  1.31618e-10  5.69903e-09
      1422.75  1.93003e-09  1.31617e-10  5.85133e-09
      1423.00  2.62401e-09  1.31616e-10  5.88681e-09
      1423.25  3.83635e-09  1.31615e-10  5.74735e-09
      1423.50  4.13710e-09  1.31614e-10  5.49340e-09
      1423.75  2.66384e-09  1.31614e-10  5.56008e-09
      1424.00  2.86717e-09  1.31614e-10  5.72576e-09
      1424.25  3.92249e-09  1.31616e-10  5.65982e-09
      1424.50  3.72337e-09  1.31619e-10  5.58546e-09
      1424.75  2.95099e-09  1.31623e-10  5.79296e-09
      1425.00  3.37399e-09  1.31629e-10  5.55764e-09
      1425.25  5.04746e-09  1.31636e-10  5.55799e-09
      1425.50  7.46010e-09  1.31646e-10  5.79539e-09
      1425.75  8.27100e-09  1.31657e-10  5.95241e-09
      1426.00  5.25424e-09  1.31671e-10  5.69016e-09
      1426.25  3.05206e-09  1.31687e-10  5.67786e-09
      1426.50  3.01636e-09  1.31705e-10  5.74033e-09
      1426.75  2.87685e-09  1.31726e-10  5.70055e-09
      1427.00  2.54261e-09  1.31749e-10  5.57722e-09
      1427.25  2.88450e-09  1.31774e-10  5.74472e-09
      1427.50  2.92262e-09  1.31802e-10  5.90571e-09
      1427.75  2.40664e-09  1.31832e-10  5.81316e-09
      1428.00  2.25403e-09  1.31865e-10  5.73242e-09
      1428.25  2.32845e-09  1.31900e-10  5.76099e-09
      1428.50  2.74209e-09  1.31936e-10  5.67063e-09
      1428.75  3.40240e-09  1.31975e-10  5.72429e-09
      1429.00  3.85066e-09  1.32016e-10  5.74774e-09
      1429.25  3.73104e-09  1.32058e-10  5.73570e-09
      1429.50  2.71923e-09  1.32101e-10  5.64007e-09
      1429.75  1.92921e-09  1.32147e-10  5.64682e-09
      1430.00  2.15099e-09  1.32193e-10  5.57457e-09
      1430.25  2.78573e-09  1.32240e-10  5.64550e-09
      1430.50  3.12941e-09  1.32288e-10  5.72323e-09
      1430.75  2.36303e-09  1.32336e-10  5.69740e-09
      1431.00  2.56494e-09  1.32385e-10  5.63523e-09
      1431.25  3.33869e-09  1.32434e-10  5.79634e-09
      1431.50  3.15360e-09  1.32482e-10  5.61144e-09
      1431.75  2.64711e-09  1.32530e-10  5.82380e-09
      1432.00  1.94293e-09  1.32578e-10  5.99291e-09
      1432.25  1.95771e-09  1.32624e-10  5.88566e-09
      1432.50  3.08838e-09  1.32670e-10  5.70092e-09
      1432.75  3.99870e-09  1.32714e-10  5.72717e-09
      1433.00  6.67370e-09  1.32757e-10  5.49556e-09
      1433.25  8.26122e-09  1.32798e-10  5.69666e-09
      1433.50  5.49442e-09  1.32837e-10  5.88031e-09
      1433.75  4.14053e-09  1.32874e-10  5.61104e-09
      1434.00  3.44524e-09  1.32910e-10  5.85677e-09
      1434.25  2.59974e-09  1.32943e-10  5.97214e-09
      1434.50  3.26688e-09  1.32973e-10  5.90448e-09
      1434.75  3.80683e-09  1.33002e-10  5.71508e-09
      1435.00  3.41174e-09  1.33028e-10  5.62495e-09
      1435.25  2.87865e-09  1.33051e-10  5.90722e-09
      1435.50  3.99304e-09  1.33072e-10  5.99913e-09
      1435.75  4.95503e-09  1.33091e-10  5.77920e-09
      1436.00  3.63829e-09  1.33107e-10  5.74603e-09
      1436.25  3.62822e-09  1.33122e-10  5.79341e-09
      1436.50  4.48885e-09  1.33134e-10  5.77833e-09
      1436.75  3.27173e-09  1.33143e-10  5.80817e-09
      1437.00  2.93225e-09  1.33151e-10  5.94096e-09
      1437.25  2.94795e-09  1.33158e-10  5.90103e-09
      1437.50  2.18878e-09  1.33162e-10  6.01441e-09
      1437.75  2.03614e-09  1.33166e-10  5.90866e-09
      1438.00  2.59205e-09  1.33167e-10  5.78699e-09
      1438.25  2.88502e-09  1.33168e-10  5.62455e-09
      1438.50  2.60437e-09  1.33169e-10  5.75177e-09
      1438.75  2.43548e-09  1.33168e-10  5.88357e-09
      1439.00  2.32889e-09  1.33167e-10  5.83121e-09
      1439.25  2.99153e-09  1.33167e-10  5.85668e-09
      1439.50  3.77971e-09  1.33167e-10  5.85543e-09
      1439.75  3.11053e-09  1.33167e-10  5.79400e-09
      1440.00  2.59808e-09  1.33168e-10  5.67096e-09
      1440.25  3.26987e-09  1.33169e-10  5.57449e-09
      1440.50  3.71052e-09  1.33172e-10  5.81318e-09
      1440.75  5.85803e-09  1.33177e-10  5.81830e-09
      1441.00  7.97663e-09  1.33183e-10  5.83507e-09
      1441.25  5.69107e-09  1.33191e-10  5.77369e-09
      1441.50  3.85617e-09  1.33202e-10  5.97917e-09
      1441.75  4.06824e-09  1.33214e-10  5.74726e-09
      1442.00  3.47536e-09  1.33229e-10  5.70586e-09
      1442.25  3.16082e-09  1.33247e-10  5.72970e-09
      1442.50  2.80991e-09  1.33267e-10  5.87057e-09
      1442.75  2.73165e-09  1.33290e-10  5.96584e-09
      1443.00  3.63510e-09  1.33316e-10  5.98308e-09
      1443.25  5.11120e-09  1.33345e-10  5.91897e-09
      1443.50  5.29521e-09  1.33377e-10  5.69346e-09
      1443.75  4.30002e-09  1.33412e-10  5.66386e-09
      1444.00  4.54885e-09  1.33450e-10  5.75718e-09
      1444.25  4.61111e-09  1.33492e-10  5.88475e-09
      1444.50  3.80022e-09  1.33536e-10  6.12184e-09
      1444.75  3.10644e-09  1.33584e-10  5.74227e-09
      1445.00  2.45093e-09  1.33634e-10  5.62239e-09
      1445.25  2.12805e-09  1.33688e-10  5.90118e-09
      1445.50  2.28277e-09  1.33744e-10  5.71327e-09
      1445.75  2.62656e-09  1.33802e-10  5.76307e-09
      1446.00  4.15197e-09  1.33863e-10  5.93678e-09
      1446.25  5.34860e-09  1.33927e-10  5.96494e-09
      1446.50  4.05376e-09  1.33992e-10  6.01318e-09
      1446.75  2.83648e-09  1.34060e-10  6.06199e-09
      1447.00  2.72121e-09  1.34129e-10  6.26459e-09
      1447.25  3.13599e-09  1.34200e-10  6.12359e-09
      1447.50  3.55909e-09  1.34272e-10  6.01180e-09
      1447.75  4.05583e-09  1.34345e-10  5.89219e-09
      1448.00  4.62071e-09  1.34420e-10  5.89003e-09
      1448.25  4.84837e-09  1.34495e-10  5.73108e-09
      1448.50  5.62499e-09  1.34570e-10  6.05417e-09
      1448.75  6.54556e-09  1.34646e-10  5.93859e-09
      1449.00  6.56076e-09  1.34722e-10  6.02277e-09
      1449.25  4.88655e-09  1.34798e-10  5.89845e-09
      1449.50  3.43601e-09  1.34873e-10  5.77681e-09
      1449.75  2.99199e-09  1.34948e-10  5.72452e-09
      1450.00  2.50967e-09  1.35022e-10  6.00903e-09
      1450.25  2.39068e-09  1.35095e-10  6.00250e-09
      1450.50  2.51298e-09  1.35167e-10  5.81878e-09
      1450.75  2.73878e-09  1.35237e-10  6.01780e-09
      1451.00  3.02321e-09  1.35307e-10  5.87599e-09
      1451.25  2.95260e-09  1.35374e-10  5.52707e-09
      1451.50  2.87381e-09  1.35441e-10  5.64039e-09
      1451.75  3.44075e-09  1.35505e-10  6.00144e-09
      1452.00  4.97638e-09  1.35568e-10  5.88174e-09
      1452.25  6.30606e-09  1.35628e-10  5.75826e-09
      1452.50  6.15547e-09  1.35687e-10  5.83752e-09
      1452.75  5.76093e-09  1.35744e-10  5.72675e-09
      1453.00  5.31680e-09  1.35800e-10  6.09818e-09
      1453.25  4.34295e-09  1.35853e-10  6.23250e-09
      1453.50  4.14564e-09  1.35905e-10  5.97192e-09
      1453.75  4.96143e-09  1.35955e-10  5.81824e-09
      1454.00  4.22043e-09  1.36003e-10  5.87724e-09
      1454.25  2.77245e-09  1.36050e-10  5.85271e-09
      1454.50  2.57104e-09  1.36096e-10  6.01918e-09
      1454.75  2.86185e-09  1.36140e-10  6.22688e-09
      1455.00  3.57297e-09  1.36183e-10  6.21246e-09
      1455.25  3.82672e-09  1.36225e-10  5.79929e-09
      1455.50  3.26454e-09  1.36267e-10  5.79634e-09
      1455.75  3.14554e-09  1.36308e-10  5.77544e-09
      1456.00  3.44450e-09  1.36348e-10  5.83939e-09
      1456.25  3.31261e-09  1.36388e-10  5.91207e-09
      1456.50  3.29079e-09  1.36429e-10  5.90595e-09
      1456.75  3.49927e-09  1.36470e-10  5.99597e-09
      1457.00  4.66857e-09  1.36511e-10  5.86471e-09
      1457.25  5.98466e-09  1.36553e-10  5.70048e-09
      1457.50  7.21216e-09  1.36595e-10  5.65446e-09
      1457.75  8.04325e-09  1.36639e-10  5.66055e-09
      1458.00  6.58757e-09  1.36683e-10  5.73275e-09
      1458.25  4.82471e-09  1.36730e-10  5.80624e-09
      1458.50  3.72400e-09  1.36777e-10  5.92426e-09
      1458.75  3.07191e-09  1.36826e-10  5.97191e-09
      1459.00  3.47789e-09  1.36877e-10  5.90379e-09
      1459.25  3.62880e-09  1.36930e-10  5.89370e-09
      1459.50  3.53107e-09  1.36985e-10  5.91159e-09
      1459.75  3.65510e-09  1.37042e-10  6.15553e-09
      1460.00  4.07976e-09  1.37101e-10  6.16278e-09
      1460.25  4.39058e-09  1.37162e-10  5.99816e-09
      1460.50  4.06344e-09  1.37225e-10  5.80836e-09
      1460.75  4.17735e-09  1.37290e-10  5.79540e-09
      1461.00  3.39711e-09  1.37358e-10  5.82607e-09
      1461.25  2.20167e-09  1.37427e-10  5.97861e-09
      1461.50  2.86707e-09  1.37499e-10  5.87488e-09
      1461.75  3.93270e-09  1.37572e-10  5.73772e-09
      1462.00  3.16675e-09  1.37648e-10  5.84423e-09
      1462.25  2.47289e-09  1.37725e-10  5.97417e-09
      1462.50  3.48756e-09  1.37804e-10  5.91083e-09
      1462.75  5.02301e-09  1.37884e-10  6.10976e-09
      1463.00  6.71244e-09  1.37965e-10  6.06417e-09
      1463.25  7.51888e-09  1.38048e-10  5.96141e-09
      1463.50  6.98095e-09  1.38132e-10  5.90905e-09
      1463.75  5.31764e-09  1.38216e-10  5.92614e-09
      1464.00  4.18680e-09  1.38301e-10  5.95859e-09
      1464.25  3.46453e-09  1.38387e-10  5.84624e-09
      1464.50  2.50378e-09  1.38473e-10  5.91242e-09
      1464.75  2.45089e-09  1.38558e-10  6.07174e-09
      1465.00  3.33628e-09  1.38644e-10  6.07257e-09
      1465.25  4.49823e-09  1.38729e-10  6.06739e-09
      1465.50  5.63578e-09  1.38813e-10  6.00947e-09
      1465.75  6.62779e-09  1.38897e-10  6.00169e-09
      1466.00  5.54002e-09  1.38979e-10  5.95741e-09
      1466.25  2.80457e-09  1.39060e-10  6.02933e-09
      1466.50  2.15348e-09  1.39139e-10  5.90872e-09
      1466.75  2.84142e-09  1.39217e-10  5.89994e-09
      1467.00  2.48947e-09  1.39292e-10  5.85580e-09
      1467.25  1.93475e-09  1.39366e-10  5.87561e-09
      1467.50  1.98737e-09  1.39437e-10  5.97119e-09
      1467.75  2.32950e-09  1.39505e-10  6.01947e-09
      1468.00  3.37153e-09  1.39572e-10  5.87886e-09
      1468.25  6.07949e-09  1.39635e-10  5.91596e-09
      1468.50  7.47255e-09  1.39695e-10  6.10283e-09
      1468.75  5.89484e-09  1.39752e-10  6.23353e-09
      1469.00  3.68163e-09  1.39806e-10  6.18419e-09
      1469.25  2.55706e-09  1.39857e-10  5.94750e-09
      1469.50  2.92293e-09  1.39905e-10  5.91099e-09
      1469.75  3.02227e-09  1.39950e-10  5.66731e-09
      1470.00  2.57331e-09  1.39992e-10  5.95453e-09
      1470.25  2.52460e-09  1.40030e-10  6.10223e-09
      1470.50  2.78561e-09  1.40066e-10  6.14266e-09
      1470.75  3.05050e-09  1.40098e-10  6.12368e-09
      1471.00  3.57366e-09  1.40128e-10  6.28550e-09
      1471.25  3.56473e-09  1.40155e-10  6.28223e-09
      1471.50  3.48862e-09  1.40179e-10  6.25140e-09
      1471.75  4.27017e-09  1.40201e-10  6.04841e-09
      1472.00  4.24979e-09  1.40221e-10  6.17115e-09
      1472.25  4.70760e-09  1.40239e-10  6.20348e-09
      1472.50  6.20464e-09  1.40255e-10  6.05578e-09
      1472.75  6.79868e-09  1.40270e-10  6.11922e-09
      1473.00  7.65077e-09  1.40284e-10  6.06759e-09
      1473.25  7.18961e-09  1.40297e-10  6.05183e-09
      1473.50  4.16335e-09  1.40309e-10  6.05505e-09
      1473.75  2.53893e-09  1.40321e-10  6.05718e-09
      1474.00  2.42109e-09  1.40333e-10  5.92735e-09
      1474.25  2.82572e-09  1.40345e-10  5.95765e-09
      1474.50  4.80189e-09  1.40358e-10  6.08718e-09
      1474.75  5.04830e-09  1.40372e-10  5.91339e-09
      1475.00  3.28691e-09  1.40387e-10  6.02274e-09
      1475.25  2.81202e-09  1.40403e-10  6.02462e-09
      1475.50  3.00801e-09  1.40422e-10  5.77694e-09
      1475.75  3.16949e-09  1.40442e-10  6.13533e-09
      1476.00  3.29566e-09  1.40465e-10  6.27435e-09
      1476.25  3.42311e-09  1.40490e-10  6.37806e-09
      1476.50  3.64894e-09  1.40519e-10  6.28843e-09
      1476.75  3.06408e-09  1.40550e-10  6.32775e-09
      1477.00  2.56209e-09  1.40586e-10  6.12151e-09
      1477.25  3.28599e-09  1.40624e-10  5.94672e-09
      1477.50  5.13873e-09  1.40667e-10  6.14417e-09
      1477.75  6.00785e-09  1.40714e-10  6.33868e-09
      1478.00  3.85835e-09  1.40765e-10  5.94919e-09
      1478.25  1.86579e-09  1.40821e-10  5.78551e-09
      1478.50  2.06852e-09  1.40881e-10  5.79025e-09
      1478.75  2.91403e-09  1.40946e-10  5.98253e-09
      1479.00  2.96061e-09  1.41016e-10  6.25304e-09
      1479.25  2.33545e-09  1.41091e-10  6.09696e-09
      1479.50  1.91237e-09  1.41171e-10  6.02132e-09
      1479.75  1.96118e-09  1.41256e-10  6.07262e-09
      1480.00  2.42021e-09  1.41347e-10  6.17248e-09
      1480.25  2.42429e-09  1.41443e-10  6.12838e-09
      1480.50  2.35019e-09  1.41543e-10  5.95290e-09
      1480.75  2.33413e-09  1.41650e-10  6.15391e-09
      1481.00  2.84148e-09  1.41761e-10  6.08897e-09
      1481.25  3.59544e-09  1.41878e-10  5.78527e-09
      1481.50  4.08573e-09  1.41999e-10  6.29677e-09
      1481.75  4.28870e-09  1.42126e-10  6.21515e-09
      1482.00  4.18598e-09  1.42257e-10  6.07996e-09
      1482.25  4.38139e-09  1.42394e-10  6.03888e-09
      1482.50  4.69754e-09  1.42535e-10  6.09424e-09
      1482.75  4.37259e-09  1.42681e-10  6.16350e-09
      1483.00  3.19123e-09  1.42832e-10  6.18650e-09
      1483.25  2.60465e-09  1.42987e-10  6.21212e-09
      1483.50  3.33094e-09  1.43145e-10  6.05300e-09
      1483.75  4.12287e-09  1.43308e-10  5.93793e-09
      1484.00  3.12347e-09  1.43474e-10  6.43107e-09
      1484.25  1.94059e-09  1.43644e-10  6.40889e-09
      1484.50  1.53118e-09  1.43816e-10  6.07184e-09
      1484.75  1.13211e-09  1.43991e-10  5.94634e-09
      1485.00  1.49277e-09  1.44169e-10  6.04617e-09
      1485.25  2.72666e-09  1.44349e-10  5.97139e-09
      1485.50  3.94919e-09  1.44532e-10  6.02406e-09
      1485.75  3.30378e-09  1.44716e-10  6.21602e-09
      1486.00  1.96957e-09  1.44902e-10  6.39677e-09
      1486.25  1.43843e-09  1.45089e-10  6.31307e-09
      1486.50  1.91577e-09  1.45277e-10  6.19754e-09
      1486.75  2.75257e-09  1.45466e-10  6.12976e-09
      1487.00  2.80610e-09  1.45656e-10  6.14620e-09
      1487.25  2.11788e-09  1.45847e-10  6.29974e-09
      1487.50  1.49475e-09  1.46038e-10  6.28466e-09
      1487.75  1.74305e-09  1.46229e-10  6.15542e-09
      1488.00  2.58097e-09  1.46421e-10  6.24135e-09
      1488.25  3.55661e-09  1.46613e-10  6.42565e-09
      1488.50  3.59680e-09  1.46805e-10  6.31990e-09
      1488.75  2.50320e-09  1.46997e-10  6.29348e-09
      1489.00  2.19634e-09  1.47189e-10  6.43478e-09
      1489.25  2.66470e-09  1.47381e-10  6.12492e-09
      1489.50  2.67222e-09  1.47574e-10  6.25553e-09
      1489.75  2.46435e-09  1.47766e-10  6.25309e-09
      1490.00  1.89168e-09  1.47959e-10  6.18855e-09
      1490.25  1.71542e-09  1.48152e-10  6.01772e-09
      1490.50  2.17154e-09  1.48346e-10  6.15063e-09
      1490.75  2.27146e-09  1.48540e-10  6.32918e-09
      1491.00  1.90174e-09  1.48735e-10  6.36192e-09
      1491.25  1.65789e-09  1.48932e-10  6.28672e-09
      1491.50  1.58576e-09  1.49129e-10  6.18897e-09
      1491.75  2.06306e-09  1.49328e-10  6.09662e-09
      1492.00  2.83829e-09  1.49529e-10  6.09386e-09
      1492.25  3.17939e-09  1.49731e-10  6.08902e-09
      1492.50  3.62449e-09  1.49936e-10  5.82562e-09
      1492.75  3.19405e-09  1.50142e-10  6.10988e-09
      1493.00  3.16887e-09  1.50352e-10  6.08678e-09
      1493.25  3.54152e-09  1.50564e-10  6.23409e-09
      1493.50  4.42701e-09  1.50780e-10  6.30014e-09
      1493.75  4.71613e-09  1.50999e-10  6.22018e-09
      1494.00  2.77587e-09  1.51221e-10  6.25645e-09
      1494.25  2.08181e-09  1.51448e-10  6.22158e-09
      1494.50  2.04475e-09  1.51679e-10  6.35782e-09
      1494.75  1.65302e-09  1.51914e-10  6.24298e-09
      1495.00  1.26242e-09  1.52154e-10  6.44458e-09
